###############
#    Sets     #
###############
#
set DAILYTIMEBRACKET :=  ;
set DAYTYPE :=  ;
set SEASON :=  ;
set STORAGE :=  ;
set YEAR := 2010 2011 2012 2013 2014 2015 2016 2017 2018 2019 2020 2021 2022 2023 2024 2025 2026 2027 2028 2029 2030 2031 2032 2033 2034 2035 ;
set TECHNOLOGY := INORG_RCY_OS AD COMPOST LANDFILL NO_CONTR_OD COPROC INCIN OPEN_BURN SIT_CLAN LANDFILL_ELEC DWW_DC DWW_N IWW OSS_INORG OSS_ORG NO_OSS_BLEND NO_OSS_NO_COLL INORG_DCOLL ORG_DCOLL BLEND_NO_DCOLL BLEND_NO_COLL INORG_SS ORG_SS NO_SS T5TSWTSW T5LANDFILL_ELECTSW T5DWW_DCWW T5DWW_NWW T5IWWWW PTAR_ER ;
set TIMESLICE := All ;
set FUEL := OSS_INORG OSS_ORG NO_OSS NO_COLL_SDF LANDFILL_ELEC DWW_DC DWW_N IWW COLL_INORG COLL_ORG COLL_BLEND NO_COLL INORGSS ORGSS NOSS TSW E5TSWTSW E5TSWLANDFILL_ELEC E5WWDWW_DC E5WWDWW_N E5WWIWW ;
set EMISSION := N2O_WASTE CH4_WASTE CO2_WASTE CO2e_WASTE ;
set MODE_OF_OPERATION := 1 ;
set REGION := ECU ;

###############
#    Parameters     #
###############
#
param CapacityToActivityUnit default 1 :
INORG_RCY_OS AD COMPOST LANDFILL NO_CONTR_OD COPROC INCIN OPEN_BURN SIT_CLAN LANDFILL_ELEC DWW_DC DWW_N IWW OSS_INORG OSS_ORG NO_OSS_BLEND NO_OSS_NO_COLL INORG_DCOLL ORG_DCOLL BLEND_NO_DCOLL BLEND_NO_COLL INORG_SS ORG_SS NO_SS T5TSWTSW T5LANDFILL_ELECTSW T5DWW_DCWW T5DWW_NWW T5IWWWW :=
ECU 1 1 1 1 1 1 1 1 1 1 1 1 1 1 1 1 1 1 1 1 1 1 1 1 1 1 1 1 1 
;

param EmissionActivityRatio default 0 :=
[ECU,OPEN_BURN,CO2_WASTE,*,*]:
2010 2011 2012 2013 2014 2015 2016 2017 2018 2019 2020 2021 2022 2023 2024 2025 2026 2027 2028 2029 2030 2031 2032 2033 2034 2035 :=
1 0.0 0.0 0.0 0.0 0.0 0.0 0.0 0.0 0.0 0.0 0.0 0.0 0.0 0.0 0.0 0.0 0.0 0.0 0.0 0.0 0.0 0.0 0.0 0.0 0.0 0.0 
[ECU,NO_CONTR_OD,CH4_WASTE,*,*]:
2010 2011 2012 2013 2014 2015 2016 2017 2018 2019 2020 2021 2022 2023 2024 2025 2026 2027 2028 2029 2030 2031 2032 2033 2034 2035 :=
1 0.0256 0.0272 0.0289 0.0279 0.0269 0.0308 0.0347 0.037 0.0394 0.0418 0.0441 0.0446 0.0448 0.047 0.0493 0.0517 0.0542 0.0569 0.0597 0.0626 0.0657 0.0689 0.0723 0.0758 0.0795 0.0834 
[ECU,COMPOST,CO2e_WASTE,*,*]:
2010 2011 2012 2013 2014 2015 2016 2017 2018 2019 2020 2021 2022 2023 2024 2025 2026 2027 2028 2029 2030 2031 2032 2033 2034 2035 :=
1 0.1915 0.1915 0.1915 0.1915 0.1915 0.1915 0.1915 0.1915 0.1915 0.1915 0.1915 0.1915 0.1915 0.1915 0.1915 0.1915 0.1915 0.1915 0.1915 0.1915 0.1915 0.1915 0.1915 0.1915 0.1915 0.1915 
[ECU,LANDFILL,N2O_WASTE,*,*]:
2010 2011 2012 2013 2014 2015 2016 2017 2018 2019 2020 2021 2022 2023 2024 2025 2026 2027 2028 2029 2030 2031 2032 2033 2034 2035 :=
1 0.0 0.0 0.0 0.0 0.0 0.0 0.0 0.0 0.0 0.0 0.0 0.0 0.0 0.0 0.0 0.0 0.0 0.0 0.0 0.0 0.0 0.0 0.0 0.0 0.0 0.0 
[ECU,COPROC,N2O_WASTE,*,*]:
2010 2011 2012 2013 2014 2015 2016 2017 2018 2019 2020 2021 2022 2023 2024 2025 2026 2027 2028 2029 2030 2031 2032 2033 2034 2035 :=
1 0.0 0.0 0.0 0.0 0.0 0.0 0.0 0.0 0.0 0.0 0.0 0.0 0.0 0.0 0.0 0.0 0.0 0.0 0.0 0.0 0.0 0.0 0.0 0.0 0.0 0.0 
[ECU,OPEN_BURN,N2O_WASTE,*,*]:
2010 2011 2012 2013 2014 2015 2016 2017 2018 2019 2020 2021 2022 2023 2024 2025 2026 2027 2028 2029 2030 2031 2032 2033 2034 2035 :=
1 0.0 0.0 0.0 0.0 0.0 0.0 0.0 0.0 0.0 0.0 0.0 0.0 0.0 0.0 0.0 0.0 0.0 0.0 0.0 0.0 0.0 0.0 0.0 0.0 0.0 0.0 
[ECU,IWW,CH4_WASTE,*,*]:
2010 2011 2012 2013 2014 2015 2016 2017 2018 2019 2020 2021 2022 2023 2024 2025 2026 2027 2028 2029 2030 2031 2032 2033 2034 2035 :=
1 0.025 0.025 0.025 0.025 0.025 0.025 0.025 0.025 0.025 0.025 0.025 0.025 0.025 0.025 0.025 0.025 0.025 0.025 0.025 0.025 0.025 0.025 0.025 0.025 0.025 0.025 
[ECU,SIT_CLAN,CO2e_WASTE,*,*]:
2010 2011 2012 2013 2014 2015 2016 2017 2018 2019 2020 2021 2022 2023 2024 2025 2026 2027 2028 2029 2030 2031 2032 2033 2034 2035 :=
1 0.0 0.0 0.0 0.0 0.0 0.0 0.0 0.0 0.0 0.0 0.0 0.0 0.0 0.0 0.0 0.0 0.0 0.0 0.0 0.0 0.0 0.0 0.0 0.0 0.0 0.0 
[ECU,AD,CH4_WASTE,*,*]:
2010 2011 2012 2013 2014 2015 2016 2017 2018 2019 2020 2021 2022 2023 2024 2025 2026 2027 2028 2029 2030 2031 2032 2033 2034 2035 :=
1 0.0 0.0 0.0 0.0 0.0 0.0 0.0 0.0 0.0 0.0 0.0 0.0 0.0 0.0 0.0 0.0 0.0 0.0 0.0 0.0 0.0 0.0 0.0 0.0 0.0 0.0 
[ECU,PTAR_ER,CO2e_WASTE,*,*]:
2010 2011 2012 2013 2014 2015 2016 2017 2018 2019 2020 2021 2022 2023 2024 2025 2026 2027 2028 2029 2030 2031 2032 2033 2034 2035 :=
1 -1.0 -1.0 -1.0 -1.0 -1.0 -1.0 -1.0 -1.0 -1.0 -1.0 -1.0 -1.0 -1.0 -1.0 -1.0 -1.0 -1.0 -1.0 -1.0 -1.0 -1.0 -1.0 -1.0 -1.0 -1.0 -1.0 
[ECU,COMPOST,N2O_WASTE,*,*]:
2010 2011 2012 2013 2014 2015 2016 2017 2018 2019 2020 2021 2022 2023 2024 2025 2026 2027 2028 2029 2030 2031 2032 2033 2034 2035 :=
1 0.0003 0.0003 0.0003 0.0003 0.0003 0.0003 0.0003 0.0003 0.0003 0.0003 0.0003 0.0003 0.0003 0.0003 0.0003 0.0003 0.0003 0.0003 0.0003 0.0003 0.0003 0.0003 0.0003 0.0003 0.0003 0.0003 
[ECU,LANDFILL,CO2_WASTE,*,*]:
2010 2011 2012 2013 2014 2015 2016 2017 2018 2019 2020 2021 2022 2023 2024 2025 2026 2027 2028 2029 2030 2031 2032 2033 2034 2035 :=
1 0.0 0.0 0.0 0.0 0.0 0.0 0.0 0.0 0.0 0.0 0.0 0.0 0.0 0.0 0.0 0.0 0.0 0.0 0.0 0.0 0.0 0.0 0.0 0.0 0.0 0.0 
[ECU,INCIN,CO2e_WASTE,*,*]:
2010 2011 2012 2013 2014 2015 2016 2017 2018 2019 2020 2021 2022 2023 2024 2025 2026 2027 2028 2029 2030 2031 2032 2033 2034 2035 :=
1 1.4688 1.4306 1.3925 1.3701 1.3478 1.3506 1.3535 1.3445 1.3354 1.2334 1.1314 1.4615 1.2602 1.2525 1.2421 1.2318 1.2216 1.2115 1.2015 1.1916 1.1817 1.1719 1.1622 1.1526 1.1431 1.1336 
[ECU,DWW_DC,CO2_WASTE,*,*]:
2010 2011 2012 2013 2014 2015 2016 2017 2018 2019 2020 2021 2022 2023 2024 2025 2026 2027 2028 2029 2030 2031 2032 2033 2034 2035 :=
1 0.0 0.0 0.0 0.0 0.0 0.0 0.0 0.0 0.0 0.0 0.0 0.0 0.0 0.0 0.0 0.0 0.0 0.0 0.0 0.0 0.0 0.0 0.0 0.0 0.0 0.0 
[ECU,DWW_DC,N2O_WASTE,*,*]:
2010 2011 2012 2013 2014 2015 2016 2017 2018 2019 2020 2021 2022 2023 2024 2025 2026 2027 2028 2029 2030 2031 2032 2033 2034 2035 :=
1 0.0 0.0 0.0 0.0 0.0 0.0 0.0 0.0 0.0 0.0 0.0 0.0 0.0 0.0 0.0 0.0 0.0 0.0 0.0 0.0 0.0 0.0 0.0 0.0 0.0 0.0 
[ECU,NO_CONTR_OD,CO2_WASTE,*,*]:
2010 2011 2012 2013 2014 2015 2016 2017 2018 2019 2020 2021 2022 2023 2024 2025 2026 2027 2028 2029 2030 2031 2032 2033 2034 2035 :=
1 0.0 0.0 0.0 0.0 0.0 0.0 0.0 0.0 0.0 0.0 0.0 0.0 0.0 0.0 0.0 0.0 0.0 0.0 0.0 0.0 0.0 0.0 0.0 0.0 0.0 0.0 
[ECU,INORG_RCY_OS,CH4_WASTE,*,*]:
2010 2011 2012 2013 2014 2015 2016 2017 2018 2019 2020 2021 2022 2023 2024 2025 2026 2027 2028 2029 2030 2031 2032 2033 2034 2035 :=
1 0.0 0.0 0.0 0.0 0.0 0.0 0.0 0.0 0.0 0.0 0.0 0.0 0.0 0.0 0.0 0.0 0.0 0.0 0.0 0.0 0.0 0.0 0.0 0.0 0.0 0.0 
[ECU,NO_CONTR_OD,N2O_WASTE,*,*]:
2010 2011 2012 2013 2014 2015 2016 2017 2018 2019 2020 2021 2022 2023 2024 2025 2026 2027 2028 2029 2030 2031 2032 2033 2034 2035 :=
1 0.0 0.0 0.0 0.0 0.0 0.0 0.0 0.0 0.0 0.0 0.0 0.0 0.0 0.0 0.0 0.0 0.0 0.0 0.0 0.0 0.0 0.0 0.0 0.0 0.0 0.0 
[ECU,AD,CO2e_WASTE,*,*]:
2010 2011 2012 2013 2014 2015 2016 2017 2018 2019 2020 2021 2022 2023 2024 2025 2026 2027 2028 2029 2030 2031 2032 2033 2034 2035 :=
1 0.0 0.0 0.0 0.0 0.0 0.0 0.0 0.0 0.0 0.0 0.0 0.0 0.0 0.0 0.0 0.0 0.0 0.0 0.0 0.0 0.0 0.0 0.0 0.0 0.0 0.0 
[ECU,COMPOST,CH4_WASTE,*,*]:
2010 2011 2012 2013 2014 2015 2016 2017 2018 2019 2020 2021 2022 2023 2024 2025 2026 2027 2028 2029 2030 2031 2032 2033 2034 2035 :=
1 0.004 0.004 0.004 0.004 0.004 0.004 0.004 0.004 0.004 0.004 0.004 0.004 0.004 0.004 0.004 0.004 0.004 0.004 0.004 0.004 0.004 0.004 0.004 0.004 0.004 0.004 
[ECU,INCIN,N2O_WASTE,*,*]:
2010 2011 2012 2013 2014 2015 2016 2017 2018 2019 2020 2021 2022 2023 2024 2025 2026 2027 2028 2029 2030 2031 2032 2033 2034 2035 :=
1 0.0001 0.0001 0.0001 0.0001 0.0001 0.0001 0.0001 0.0001 0.0001 0.0001 0.0001 0.0001 0.0001 0.0001 0.0001 0.0001 0.0001 0.0001 0.0001 0.0001 0.0001 0.0001 0.0001 0.0001 0.0001 0.0001 
[ECU,INORG_RCY_OS,CO2_WASTE,*,*]:
2010 2011 2012 2013 2014 2015 2016 2017 2018 2019 2020 2021 2022 2023 2024 2025 2026 2027 2028 2029 2030 2031 2032 2033 2034 2035 :=
1 0.0 0.0 0.0 0.0 0.0 0.0 0.0 0.0 0.0 0.0 0.0 0.0 0.0 0.0 0.0 0.0 0.0 0.0 0.0 0.0 0.0 0.0 0.0 0.0 0.0 0.0 
[ECU,DWW_N,CO2_WASTE,*,*]:
2010 2011 2012 2013 2014 2015 2016 2017 2018 2019 2020 2021 2022 2023 2024 2025 2026 2027 2028 2029 2030 2031 2032 2033 2034 2035 :=
1 0.0 0.0 0.0 0.0 0.0 0.0 0.0 0.0 0.0 0.0 0.0 0.0 0.0 0.0 0.0 0.0 0.0 0.0 0.0 0.0 0.0 0.0 0.0 0.0 0.0 0.0 
[ECU,DWW_N,CH4_WASTE,*,*]:
2010 2011 2012 2013 2014 2015 2016 2017 2018 2019 2020 2021 2022 2023 2024 2025 2026 2027 2028 2029 2030 2031 2032 2033 2034 2035 :=
1 0.0 0.0 0.0 0.0 0.0 0.0 0.0 0.0 0.0 0.0 0.0 0.0 0.0 0.0 0.0 0.0 0.0 0.0 0.0 0.0 0.0 0.0 0.0 0.0 0.0 0.0 
[ECU,DWW_N,CO2e_WASTE,*,*]:
2010 2011 2012 2013 2014 2015 2016 2017 2018 2019 2020 2021 2022 2023 2024 2025 2026 2027 2028 2029 2030 2031 2032 2033 2034 2035 :=
1 2.0821 2.0821 2.0821 2.0821 2.0821 2.0821 2.0821 2.0821 2.0821 2.0821 2.0821 2.0821 2.0821 2.0935 2.0935 2.0935 2.0935 2.0935 2.0935 2.0935 2.0935 2.0935 2.0935 2.0935 2.0935 2.0935 
[ECU,DWW_DC,CO2e_WASTE,*,*]:
2010 2011 2012 2013 2014 2015 2016 2017 2018 2019 2020 2021 2022 2023 2024 2025 2026 2027 2028 2029 2030 2031 2032 2033 2034 2035 :=
1 0.6622 0.7434 0.8246 0.8201 0.8156 0.8151 0.8146 0.8191 0.8236 0.7985 0.7735 0.7936 0.8083 0.8238 0.8387 0.8538 0.8693 0.885 0.901 0.9172 0.9338 0.9507 0.9678 0.9853 1.0031 1.0212 
[ECU,SIT_CLAN,CO2_WASTE,*,*]:
2010 2011 2012 2013 2014 2015 2016 2017 2018 2019 2020 2021 2022 2023 2024 2025 2026 2027 2028 2029 2030 2031 2032 2033 2034 2035 :=
1 0.0 0.0 0.0 0.0 0.0 0.0 0.0 0.0 0.0 0.0 0.0 0.0 0.0 0.0 0.0 0.0 0.0 0.0 0.0 0.0 0.0 0.0 0.0 0.0 0.0 0.0 
[ECU,LANDFILL,CH4_WASTE,*,*]:
2010 2011 2012 2013 2014 2015 2016 2017 2018 2019 2020 2021 2022 2023 2024 2025 2026 2027 2028 2029 2030 2031 2032 2033 2034 2035 :=
1 0.0256 0.0272 0.0289 0.0279 0.0269 0.0308 0.0347 0.037 0.0394 0.0418 0.0441 0.0446 0.0448 0.047 0.0493 0.0517 0.0542 0.0569 0.0597 0.0626 0.0657 0.0689 0.0723 0.0758 0.0795 0.0834 
[ECU,SIT_CLAN,CH4_WASTE,*,*]:
2010 2011 2012 2013 2014 2015 2016 2017 2018 2019 2020 2021 2022 2023 2024 2025 2026 2027 2028 2029 2030 2031 2032 2033 2034 2035 :=
1 0.0 0.0 0.0 0.0 0.0 0.0 0.0 0.0 0.0 0.0 0.0 0.0 0.0 0.0 0.0 0.0 0.0 0.0 0.0 0.0 0.0 0.0 0.0 0.0 0.0 0.0 
[ECU,INORG_RCY_OS,CO2e_WASTE,*,*]:
2010 2011 2012 2013 2014 2015 2016 2017 2018 2019 2020 2021 2022 2023 2024 2025 2026 2027 2028 2029 2030 2031 2032 2033 2034 2035 :=
1 0.0 0.0 0.0 0.0 0.0 0.0 0.0 0.0 0.0 0.0 0.0 0.0 0.0 0.0 0.0 0.0 0.0 0.0 0.0 0.0 0.0 0.0 0.0 0.0 0.0 0.0 
[ECU,COPROC,CO2_WASTE,*,*]:
2010 2011 2012 2013 2014 2015 2016 2017 2018 2019 2020 2021 2022 2023 2024 2025 2026 2027 2028 2029 2030 2031 2032 2033 2034 2035 :=
1 0.0 0.0 0.0 0.0 0.0 0.0 0.0 0.0 0.0 0.0 0.0 0.0 0.0 0.0 0.0 0.0 0.0 0.0 0.0 0.0 0.0 0.0 0.0 0.0 0.0 0.0 
[ECU,LANDFILL_ELEC,N2O_WASTE,*,*]:
2010 2011 2012 2013 2014 2015 2016 2017 2018 2019 2020 2021 2022 2023 2024 2025 2026 2027 2028 2029 2030 2031 2032 2033 2034 2035 :=
1 0.0 0.0 0.0 0.0 0.0 0.0 0.0 0.0 0.0 0.0 0.0 0.0 0.0 0.0 0.0 0.0 0.0 0.0 0.0 0.0 0.0 0.0 0.0 0.0 0.0 0.0 
[ECU,AD,CO2_WASTE,*,*]:
2010 2011 2012 2013 2014 2015 2016 2017 2018 2019 2020 2021 2022 2023 2024 2025 2026 2027 2028 2029 2030 2031 2032 2033 2034 2035 :=
1 0.0 0.0 0.0 0.0 0.0 0.0 0.0 0.0 0.0 0.0 0.0 0.0 0.0 0.0 0.0 0.0 0.0 0.0 0.0 0.0 0.0 0.0 0.0 0.0 0.0 0.0 
[ECU,NO_CONTR_OD,CO2e_WASTE,*,*]:
2010 2011 2012 2013 2014 2015 2016 2017 2018 2019 2020 2021 2022 2023 2024 2025 2026 2027 2028 2029 2030 2031 2032 2033 2034 2035 :=
1 0.7155 0.7628 0.8102 0.781 0.7519 0.8615 0.9712 1.0372 1.1033 1.1696 1.2358 1.2497 1.2548 1.316 1.3804 1.4476 1.5176 1.5932 1.6716 1.7528 1.8396 1.9292 2.0244 2.1224 2.226 2.3352 
[ECU,DWW_DC,CH4_WASTE,*,*]:
2010 2011 2012 2013 2014 2015 2016 2017 2018 2019 2020 2021 2022 2023 2024 2025 2026 2027 2028 2029 2030 2031 2032 2033 2034 2035 :=
1 0.0236 0.0265 0.0294 0.0293 0.0291 0.0291 0.0291 0.0293 0.0294 0.0285 0.0276 0.0283 0.0289 0.0294 0.03 0.0305 0.031 0.0316 0.0322 0.0328 0.0333 0.034 0.0346 0.0352 0.0358 0.0365 
[ECU,COPROC,CH4_WASTE,*,*]:
2010 2011 2012 2013 2014 2015 2016 2017 2018 2019 2020 2021 2022 2023 2024 2025 2026 2027 2028 2029 2030 2031 2032 2033 2034 2035 :=
1 0.0 0.0 0.0 0.0 0.0 0.0 0.0 0.0 0.0 0.0 0.0 0.0 0.0 0.0 0.0 0.0 0.0 0.0 0.0 0.0 0.0 0.0 0.0 0.0 0.0 0.0 
[ECU,LANDFILL,CO2e_WASTE,*,*]:
2010 2011 2012 2013 2014 2015 2016 2017 2018 2019 2020 2021 2022 2023 2024 2025 2026 2027 2028 2029 2030 2031 2032 2033 2034 2035 :=
1 0.7155 0.7628 0.8102 0.781 0.7519 0.8615 0.9712 1.0372 1.1033 1.1696 1.2358 1.2497 1.2548 1.316 1.3804 1.4476 1.5176 1.5932 1.6716 1.7528 1.8396 1.9292 2.0244 2.1224 2.226 2.3352 
[ECU,IWW,CO2e_WASTE,*,*]:
2010 2011 2012 2013 2014 2015 2016 2017 2018 2019 2020 2021 2022 2023 2024 2025 2026 2027 2028 2029 2030 2031 2032 2033 2034 2035 :=
1 0.7 0.7 0.7 0.7 0.7 0.7 0.7 0.7 0.7 0.7 0.7 0.7 0.7 0.7 0.7 0.7 0.7 0.7 0.7 0.7 0.7 0.7 0.7 0.7 0.7 0.7 
[ECU,INCIN,CO2_WASTE,*,*]:
2010 2011 2012 2013 2014 2015 2016 2017 2018 2019 2020 2021 2022 2023 2024 2025 2026 2027 2028 2029 2030 2031 2032 2033 2034 2035 :=
1 1.4485 1.4104 1.3723 1.3499 1.3275 1.3304 1.3332 1.3242 1.3152 1.2109 1.1072 1.4387 1.2365 1.226 1.2156 1.2053 1.1951 1.185 1.175 1.1651 1.1552 1.1454 1.1357 1.1261 1.1166 1.1071 
[ECU,LANDFILL_ELEC,CO2_WASTE,*,*]:
2010 2011 2012 2013 2014 2015 2016 2017 2018 2019 2020 2021 2022 2023 2024 2025 2026 2027 2028 2029 2030 2031 2032 2033 2034 2035 :=
1 0.0 0.0 0.0 0.0 0.0 0.0 0.0 0.0 0.0 0.0 0.0 0.0 0.0 0.0 0.0 0.0 0.0 0.0 0.0 0.0 0.0 0.0 0.0 0.0 0.0 0.0 
[ECU,INORG_RCY_OS,N2O_WASTE,*,*]:
2010 2011 2012 2013 2014 2015 2016 2017 2018 2019 2020 2021 2022 2023 2024 2025 2026 2027 2028 2029 2030 2031 2032 2033 2034 2035 :=
1 0.0 0.0 0.0 0.0 0.0 0.0 0.0 0.0 0.0 0.0 0.0 0.0 0.0 0.0 0.0 0.0 0.0 0.0 0.0 0.0 0.0 0.0 0.0 0.0 0.0 0.0 
[ECU,OPEN_BURN,CO2e_WASTE,*,*]:
2010 2011 2012 2013 2014 2015 2016 2017 2018 2019 2020 2021 2022 2023 2024 2025 2026 2027 2028 2029 2030 2031 2032 2033 2034 2035 :=
1 0.0 0.0 0.0 0.0 0.0 0.0 0.0 0.0 0.0 0.0 0.0 0.0 0.0 0.0 0.0 0.0 0.0 0.0 0.0 0.0 0.0 0.0 0.0 0.0 0.0 0.0 
[ECU,IWW,N2O_WASTE,*,*]:
2010 2011 2012 2013 2014 2015 2016 2017 2018 2019 2020 2021 2022 2023 2024 2025 2026 2027 2028 2029 2030 2031 2032 2033 2034 2035 :=
1 0.0 0.0 0.0 0.0 0.0 0.0 0.0 0.0 0.0 0.0 0.0 0.0 0.0 0.0 0.0 0.0 0.0 0.0 0.0 0.0 0.0 0.0 0.0 0.0 0.0 0.0 
[ECU,SIT_CLAN,N2O_WASTE,*,*]:
2010 2011 2012 2013 2014 2015 2016 2017 2018 2019 2020 2021 2022 2023 2024 2025 2026 2027 2028 2029 2030 2031 2032 2033 2034 2035 :=
1 0.0 0.0 0.0 0.0 0.0 0.0 0.0 0.0 0.0 0.0 0.0 0.0 0.0 0.0 0.0 0.0 0.0 0.0 0.0 0.0 0.0 0.0 0.0 0.0 0.0 0.0 
[ECU,AD,N2O_WASTE,*,*]:
2010 2011 2012 2013 2014 2015 2016 2017 2018 2019 2020 2021 2022 2023 2024 2025 2026 2027 2028 2029 2030 2031 2032 2033 2034 2035 :=
1 0.0 0.0 0.0 0.0 0.0 0.0 0.0 0.0 0.0 0.0 0.0 0.0 0.0 0.0 0.0 0.0 0.0 0.0 0.0 0.0 0.0 0.0 0.0 0.0 0.0 0.0 
[ECU,LANDFILL_ELEC,CO2e_WASTE,*,*]:
2010 2011 2012 2013 2014 2015 2016 2017 2018 2019 2020 2021 2022 2023 2024 2025 2026 2027 2028 2029 2030 2031 2032 2033 2034 2035 :=
1 -1.0 -1.0 -1.0 -1.0 -1.0 -1.0 -1.0 -1.0 -1.0 -1.0 -1.0 -1.0 -1.0 -1.0 -1.0 -1.0 -1.0 -1.0 -1.0 -1.0 -1.0 -1.0 -1.0 -1.0 -1.0 -1.0 
[ECU,COPROC,CO2e_WASTE,*,*]:
2010 2011 2012 2013 2014 2015 2016 2017 2018 2019 2020 2021 2022 2023 2024 2025 2026 2027 2028 2029 2030 2031 2032 2033 2034 2035 :=
1 0.0 0.0 0.0 0.0 0.0 0.0 0.0 0.0 0.0 0.0 0.0 0.0 0.0 0.0 0.0 0.0 0.0 0.0 0.0 0.0 0.0 0.0 0.0 0.0 0.0 0.0 
[ECU,COMPOST,CO2_WASTE,*,*]:
2010 2011 2012 2013 2014 2015 2016 2017 2018 2019 2020 2021 2022 2023 2024 2025 2026 2027 2028 2029 2030 2031 2032 2033 2034 2035 :=
1 0.0 0.0 0.0 0.0 0.0 0.0 0.0 0.0 0.0 0.0 0.0 0.0 0.0 0.0 0.0 0.0 0.0 0.0 0.0 0.0 0.0 0.0 0.0 0.0 0.0 0.0 
[ECU,DWW_N,N2O_WASTE,*,*]:
2010 2011 2012 2013 2014 2015 2016 2017 2018 2019 2020 2021 2022 2023 2024 2025 2026 2027 2028 2029 2030 2031 2032 2033 2034 2035 :=
1 0.0079 0.0079 0.0079 0.0079 0.0079 0.0079 0.0079 0.0079 0.0079 0.0079 0.0079 0.0079 0.0079 0.0079 0.0079 0.0079 0.0079 0.0079 0.0079 0.0079 0.0079 0.0079 0.0079 0.0079 0.0079 0.0079 
[ECU,LANDFILL_ELEC,CH4_WASTE,*,*]:
2010 2011 2012 2013 2014 2015 2016 2017 2018 2019 2020 2021 2022 2023 2024 2025 2026 2027 2028 2029 2030 2031 2032 2033 2034 2035 :=
1 -0.0357 -0.0357 -0.0357 -0.0357 -0.0357 -0.0357 -0.0357 -0.0357 -0.0357 -0.0357 -0.0357 -0.0357 -0.0357 -0.0357 -0.0357 -0.0357 -0.0357 -0.0357 -0.0357 -0.0357 -0.0357 -0.0357 -0.0357 -0.0357 -0.0357 -0.0357 
[ECU,IWW,CO2_WASTE,*,*]:
2010 2011 2012 2013 2014 2015 2016 2017 2018 2019 2020 2021 2022 2023 2024 2025 2026 2027 2028 2029 2030 2031 2032 2033 2034 2035 :=
1 0.0 0.0 0.0 0.0 0.0 0.0 0.0 0.0 0.0 0.0 0.0 0.0 0.0 0.0 0.0 0.0 0.0 0.0 0.0 0.0 0.0 0.0 0.0 0.0 0.0 0.0 
[ECU,OPEN_BURN,CH4_WASTE,*,*]:
2010 2011 2012 2013 2014 2015 2016 2017 2018 2019 2020 2021 2022 2023 2024 2025 2026 2027 2028 2029 2030 2031 2032 2033 2034 2035 :=
1 0.0 0.0 0.0 0.0 0.0 0.0 0.0 0.0 0.0 0.0 0.0 0.0 0.0 0.0 0.0 0.0 0.0 0.0 0.0 0.0 0.0 0.0 0.0 0.0 0.0 0.0 
[ECU,INCIN,CH4_WASTE,*,*]:
2010 2011 2012 2013 2014 2015 2016 2017 2018 2019 2020 2021 2022 2023 2024 2025 2026 2027 2028 2029 2030 2031 2032 2033 2034 2035 :=
1 0.0 0.0 0.0 0.0 0.0 0.0 0.0 0.0 0.0 0.0 0.0 0.0 0.0 0.0 0.0 0.0 0.0 0.0 0.0 0.0 0.0 0.0 0.0 0.0 0.0 0.0 
;

param InputActivityRatio default 0 :=
[ECU,NO_SS,NOSS,*,*]:
2010 2011 2012 2013 2014 2015 2016 2017 2018 2019 2020 2021 2022 2023 2024 2025 2026 2027 2028 2029 2030 2031 2032 2033 2034 2035 :=
1 1 1.0 1.0 1.0 1.0 1.0 1.0 1.0 1.0 1.0 1.0 1.0 1.0 1.0 1.0 1.0 1.0 1.0 1.0 1.0 1.0 1.0 1.0 1.0 1.0 1.0 
[ECU,T5TSWTSW,TSW,*,*]:
2010 2011 2012 2013 2014 2015 2016 2017 2018 2019 2020 2021 2022 2023 2024 2025 2026 2027 2028 2029 2030 2031 2032 2033 2034 2035 :=
1 1 1.0 1.0 1.0 1.0 1.0 1.0 1.0 1.0 1.0 1.0 1.0 1.0 1.0 1.0 1.0 1.0 1.0 1.0 1.0 1.0 1.0 1.0 1.0 1.0 1.0 
[ECU,OSS_INORG,OSS_INORG,*,*]:
2010 2011 2012 2013 2014 2015 2016 2017 2018 2019 2020 2021 2022 2023 2024 2025 2026 2027 2028 2029 2030 2031 2032 2033 2034 2035 :=
1 1 1.0 1.0 1.0 1.0 1.0 1.0 1.0 1.0 1.0 1.0 1.0 1.0 1.0 1.0 1.0 1.0 1.0 1.0 1.0 1.0 1.0 1.0 1.0 1.0 1.0 
[ECU,OSS_ORG,OSS_ORG,*,*]:
2010 2011 2012 2013 2014 2015 2016 2017 2018 2019 2020 2021 2022 2023 2024 2025 2026 2027 2028 2029 2030 2031 2032 2033 2034 2035 :=
1 1 1.0 1.0 1.0 1.0 1.0 1.0 1.0 1.0 1.0 1.0 1.0 1.0 1.0 1.0 1.0 1.0 1.0 1.0 1.0 1.0 1.0 1.0 1.0 1.0 1.0 
[ECU,ORG_DCOLL,COLL_ORG,*,*]:
2010 2011 2012 2013 2014 2015 2016 2017 2018 2019 2020 2021 2022 2023 2024 2025 2026 2027 2028 2029 2030 2031 2032 2033 2034 2035 :=
1 1 1.0 1.0 1.0 1.0 1.0 1.0 1.0 1.0 1.0 1.0 1.0 1.0 1.0 1.0 1.0 1.0 1.0 1.0 1.0 1.0 1.0 1.0 1.0 1.0 1.0 
[ECU,INORG_SS,INORGSS,*,*]:
2010 2011 2012 2013 2014 2015 2016 2017 2018 2019 2020 2021 2022 2023 2024 2025 2026 2027 2028 2029 2030 2031 2032 2033 2034 2035 :=
1 1 1.0 1.0 1.0 1.0 1.0 1.0 1.0 1.0 1.0 1.0 1.0 1.0 1.0 1.0 1.0 1.0 1.0 1.0 1.0 1.0 1.0 1.0 1.0 1.0 1.0 
[ECU,T5IWWWW,IWW,*,*]:
2010 2011 2012 2013 2014 2015 2016 2017 2018 2019 2020 2021 2022 2023 2024 2025 2026 2027 2028 2029 2030 2031 2032 2033 2034 2035 :=
1 1 1.0 1.0 1.0 1.0 1.0 1.0 1.0 1.0 1.0 1.0 1.0 1.0 1.0 1.0 1.0 1.0 1.0 1.0 1.0 1.0 1.0 1.0 1.0 1.0 1.0 
[ECU,NO_OSS_BLEND,NO_OSS,*,*]:
2010 2011 2012 2013 2014 2015 2016 2017 2018 2019 2020 2021 2022 2023 2024 2025 2026 2027 2028 2029 2030 2031 2032 2033 2034 2035 :=
1 1 1.0 1.0 1.0 1.0 1.0 1.0 1.0 1.0 1.0 1.0 1.0 1.0 1.0 1.0 1.0 1.0 1.0 1.0 1.0 1.0 1.0 1.0 1.0 1.0 1.0 
[ECU,NO_OSS_NO_COLL,NO_COLL_SDF,*,*]:
2010 2011 2012 2013 2014 2015 2016 2017 2018 2019 2020 2021 2022 2023 2024 2025 2026 2027 2028 2029 2030 2031 2032 2033 2034 2035 :=
1 1 1.0 1.0 1.0 1.0 1.0 1.0 1.0 1.0 1.0 1.0 1.0 1.0 1.0 1.0 1.0 1.0 1.0 1.0 1.0 1.0 1.0 1.0 1.0 1.0 1.0 
[ECU,BLEND_NO_COLL,NO_COLL,*,*]:
2010 2011 2012 2013 2014 2015 2016 2017 2018 2019 2020 2021 2022 2023 2024 2025 2026 2027 2028 2029 2030 2031 2032 2033 2034 2035 :=
1 1 1.0 1.0 1.0 1.0 1.0 1.0 1.0 1.0 1.0 1.0 1.0 1.0 1.0 1.0 1.0 1.0 1.0 1.0 1.0 1.0 1.0 1.0 1.0 1.0 1.0 
[ECU,ORG_SS,ORGSS,*,*]:
2010 2011 2012 2013 2014 2015 2016 2017 2018 2019 2020 2021 2022 2023 2024 2025 2026 2027 2028 2029 2030 2031 2032 2033 2034 2035 :=
1 1 1.0 1.0 1.0 1.0 1.0 1.0 1.0 1.0 1.0 1.0 1.0 1.0 1.0 1.0 1.0 1.0 1.0 1.0 1.0 1.0 1.0 1.0 1.0 1.0 1.0 
[ECU,T5LANDFILL_ELECTSW,LANDFILL_ELEC,*,*]:
2010 2011 2012 2013 2014 2015 2016 2017 2018 2019 2020 2021 2022 2023 2024 2025 2026 2027 2028 2029 2030 2031 2032 2033 2034 2035 :=
1 1 1.0 1.0 1.0 1.0 1.0 1.0 1.0 1.0 1.0 1.0 1.0 1.0 1.0 1.0 1.0 1.0 1.0 1.0 1.0 1.0 1.0 1.0 1.0 1.0 1.0 
[ECU,T5DWW_NWW,DWW_N,*,*]:
2010 2011 2012 2013 2014 2015 2016 2017 2018 2019 2020 2021 2022 2023 2024 2025 2026 2027 2028 2029 2030 2031 2032 2033 2034 2035 :=
1 1 1.0 1.0 1.0 1.0 1.0 1.0 1.0 1.0 1.0 1.0 1.0 1.0 1.0 1.0 1.0 1.0 1.0 1.0 1.0 1.0 1.0 1.0 1.0 1.0 1.0 
[ECU,BLEND_NO_DCOLL,COLL_BLEND,*,*]:
2010 2011 2012 2013 2014 2015 2016 2017 2018 2019 2020 2021 2022 2023 2024 2025 2026 2027 2028 2029 2030 2031 2032 2033 2034 2035 :=
1 1 1.0 1.0 1.0 1.0 1.0 1.0 1.0 1.0 1.0 1.0 1.0 1.0 1.0 1.0 1.0 1.0 1.0 1.0 1.0 1.0 1.0 1.0 1.0 1.0 1.0 
[ECU,T5DWW_DCWW,DWW_DC,*,*]:
2010 2011 2012 2013 2014 2015 2016 2017 2018 2019 2020 2021 2022 2023 2024 2025 2026 2027 2028 2029 2030 2031 2032 2033 2034 2035 :=
1 1 1.0 1.0 1.0 1.0 1.0 1.0 1.0 1.0 1.0 1.0 1.0 1.0 1.0 1.0 1.0 1.0 1.0 1.0 1.0 1.0 1.0 1.0 1.0 1.0 1.0 
[ECU,INORG_DCOLL,COLL_INORG,*,*]:
2010 2011 2012 2013 2014 2015 2016 2017 2018 2019 2020 2021 2022 2023 2024 2025 2026 2027 2028 2029 2030 2031 2032 2033 2034 2035 :=
1 1 1.0 1.0 1.0 1.0 1.0 1.0 1.0 1.0 1.0 1.0 1.0 1.0 1.0 1.0 1.0 1.0 1.0 1.0 1.0 1.0 1.0 1.0 1.0 1.0 1.0 
;

param OperationalLife default 1 :
INORG_RCY_OS AD COMPOST LANDFILL NO_CONTR_OD COPROC INCIN OPEN_BURN SIT_CLAN LANDFILL_ELEC DWW_DC DWW_N IWW OSS_INORG OSS_ORG NO_OSS_BLEND NO_OSS_NO_COLL INORG_DCOLL ORG_DCOLL BLEND_NO_DCOLL BLEND_NO_COLL INORG_SS ORG_SS NO_SS T5TSWTSW T5LANDFILL_ELECTSW T5DWW_DCWW T5DWW_NWW T5IWWWW :=
ECU 1 1 1 1 1 1 1 1 1 1 100 100 100 1 1 1 1 1 1 1 1 1 1 1 1 1 100 100 100 
;

param OutputActivityRatio default 0 :=
[ECU,COMPOST,OSS_ORG,*,*]:
2010 2011 2012 2013 2014 2015 2016 2017 2018 2019 2020 2021 2022 2023 2024 2025 2026 2027 2028 2029 2030 2031 2032 2033 2034 2035 :=
1 1 1.0 1.0 1.0 1.0 1.0 1.0 1.0 1.0 1.0 1.0 1.0 1.0 1.0 1.0 1.0 1.0 1.0 1.0 1.0 1.0 1.0 1.0 1.0 1.0 1.0 
[ECU,OSS_INORG,COLL_INORG,*,*]:
2010 2011 2012 2013 2014 2015 2016 2017 2018 2019 2020 2021 2022 2023 2024 2025 2026 2027 2028 2029 2030 2031 2032 2033 2034 2035 :=
1 1 1.0 1.0 1.0 1.0 1.0 1.0 1.0 1.0 1.0 1.0 1.0 1.0 1.0 1.0 1.0 1.0 1.0 1.0 1.0 1.0 1.0 1.0 1.0 1.0 1.0 
[ECU,NO_SS,TSW,*,*]:
2010 2011 2012 2013 2014 2015 2016 2017 2018 2019 2020 2021 2022 2023 2024 2025 2026 2027 2028 2029 2030 2031 2032 2033 2034 2035 :=
1 1 1.0 1.0 1.0 1.0 1.0 1.0 1.0 1.0 1.0 1.0 1.0 1.0 1.0 1.0 1.0 1.0 1.0 1.0 1.0 1.0 1.0 1.0 1.0 1.0 1.0 
[ECU,BLEND_NO_COLL,NOSS,*,*]:
2010 2011 2012 2013 2014 2015 2016 2017 2018 2019 2020 2021 2022 2023 2024 2025 2026 2027 2028 2029 2030 2031 2032 2033 2034 2035 :=
1 1 1.0 1.0 1.0 1.0 1.0 1.0 1.0 1.0 1.0 1.0 1.0 1.0 1.0 1.0 1.0 1.0 1.0 1.0 1.0 1.0 1.0 1.0 1.0 1.0 1.0 
[ECU,SIT_CLAN,NO_COLL_SDF,*,*]:
2010 2011 2012 2013 2014 2015 2016 2017 2018 2019 2020 2021 2022 2023 2024 2025 2026 2027 2028 2029 2030 2031 2032 2033 2034 2035 :=
1 1 1.0 1.0 1.0 1.0 1.0 1.0 1.0 1.0 1.0 1.0 1.0 1.0 1.0 1.0 1.0 1.0 1.0 1.0 1.0 1.0 1.0 1.0 1.0 1.0 1.0 
[ECU,NO_CONTR_OD,NO_OSS,*,*]:
2010 2011 2012 2013 2014 2015 2016 2017 2018 2019 2020 2021 2022 2023 2024 2025 2026 2027 2028 2029 2030 2031 2032 2033 2034 2035 :=
1 1 1.0 1.0 1.0 1.0 1.0 1.0 1.0 1.0 1.0 1.0 1.0 1.0 1.0 1.0 1.0 1.0 1.0 1.0 1.0 1.0 1.0 1.0 1.0 1.0 1.0 
[ECU,DWW_N,DWW_N,*,*]:
2010 2011 2012 2013 2014 2015 2016 2017 2018 2019 2020 2021 2022 2023 2024 2025 2026 2027 2028 2029 2030 2031 2032 2033 2034 2035 :=
1 1 1.0 1.0 1.0 1.0 1.0 1.0 1.0 1.0 1.0 1.0 1.0 1.0 1.0 1.0 1.0 1.0 1.0 1.0 1.0 1.0 1.0 1.0 1.0 1.0 1.0 
[ECU,T5DWW_NWW,E5WWDWW_N,*,*]:
2010 2011 2012 2013 2014 2015 2016 2017 2018 2019 2020 2021 2022 2023 2024 2025 2026 2027 2028 2029 2030 2031 2032 2033 2034 2035 :=
1 1 1.0 1.0 1.0 1.0 1.0 1.0 1.0 1.0 1.0 1.0 1.0 1.0 1.0 1.0 1.0 1.0 1.0 1.0 1.0 1.0 1.0 1.0 1.0 1.0 1.0 
[ECU,T5DWW_DCWW,E5WWDWW_DC,*,*]:
2010 2011 2012 2013 2014 2015 2016 2017 2018 2019 2020 2021 2022 2023 2024 2025 2026 2027 2028 2029 2030 2031 2032 2033 2034 2035 :=
1 1 1.0 1.0 1.0 1.0 1.0 1.0 1.0 1.0 1.0 1.0 1.0 1.0 1.0 1.0 1.0 1.0 1.0 1.0 1.0 1.0 1.0 1.0 1.0 1.0 1.0 
[ECU,T5IWWWW,E5WWIWW,*,*]:
2010 2011 2012 2013 2014 2015 2016 2017 2018 2019 2020 2021 2022 2023 2024 2025 2026 2027 2028 2029 2030 2031 2032 2033 2034 2035 :=
1 1 1.0 1.0 1.0 1.0 1.0 1.0 1.0 1.0 1.0 1.0 1.0 1.0 1.0 1.0 1.0 1.0 1.0 1.0 1.0 1.0 1.0 1.0 1.0 1.0 1.0 
[ECU,NO_OSS_NO_COLL,NO_COLL,*,*]:
2010 2011 2012 2013 2014 2015 2016 2017 2018 2019 2020 2021 2022 2023 2024 2025 2026 2027 2028 2029 2030 2031 2032 2033 2034 2035 :=
1 1 1.0 1.0 1.0 1.0 1.0 1.0 1.0 1.0 1.0 1.0 1.0 1.0 1.0 1.0 1.0 1.0 1.0 1.0 1.0 1.0 1.0 1.0 1.0 1.0 1.0 
[ECU,LANDFILL,NO_OSS,*,*]:
2010 2011 2012 2013 2014 2015 2016 2017 2018 2019 2020 2021 2022 2023 2024 2025 2026 2027 2028 2029 2030 2031 2032 2033 2034 2035 :=
1 1 1.0 1.0 1.0 1.0 1.0 1.0 1.0 1.0 1.0 1.0 1.0 1.0 1.0 1.0 1.0 1.0 1.0 1.0 1.0 1.0 1.0 1.0 1.0 1.0 1.0 
[ECU,NO_OSS_BLEND,COLL_BLEND,*,*]:
2010 2011 2012 2013 2014 2015 2016 2017 2018 2019 2020 2021 2022 2023 2024 2025 2026 2027 2028 2029 2030 2031 2032 2033 2034 2035 :=
1 1 1.0 1.0 1.0 1.0 1.0 1.0 1.0 1.0 1.0 1.0 1.0 1.0 1.0 1.0 1.0 1.0 1.0 1.0 1.0 1.0 1.0 1.0 1.0 1.0 1.0 
[ECU,COPROC,NO_OSS,*,*]:
2010 2011 2012 2013 2014 2015 2016 2017 2018 2019 2020 2021 2022 2023 2024 2025 2026 2027 2028 2029 2030 2031 2032 2033 2034 2035 :=
1 1 1.0 1.0 1.0 1.0 1.0 1.0 1.0 1.0 1.0 1.0 1.0 1.0 1.0 1.0 1.0 1.0 1.0 1.0 1.0 1.0 1.0 1.0 1.0 1.0 1.0 
[ECU,ORG_DCOLL,ORGSS,*,*]:
2010 2011 2012 2013 2014 2015 2016 2017 2018 2019 2020 2021 2022 2023 2024 2025 2026 2027 2028 2029 2030 2031 2032 2033 2034 2035 :=
1 1 1.0 1.0 1.0 1.0 1.0 1.0 1.0 1.0 1.0 1.0 1.0 1.0 1.0 1.0 1.0 1.0 1.0 1.0 1.0 1.0 1.0 1.0 1.0 1.0 1.0 
[ECU,OPEN_BURN,NO_COLL_SDF,*,*]:
2010 2011 2012 2013 2014 2015 2016 2017 2018 2019 2020 2021 2022 2023 2024 2025 2026 2027 2028 2029 2030 2031 2032 2033 2034 2035 :=
1 1 1.0 1.0 1.0 1.0 1.0 1.0 1.0 1.0 1.0 1.0 1.0 1.0 1.0 1.0 1.0 1.0 1.0 1.0 1.0 1.0 1.0 1.0 1.0 1.0 1.0 
[ECU,INORG_SS,TSW,*,*]:
2010 2011 2012 2013 2014 2015 2016 2017 2018 2019 2020 2021 2022 2023 2024 2025 2026 2027 2028 2029 2030 2031 2032 2033 2034 2035 :=
1 1 1.0 1.0 1.0 1.0 1.0 1.0 1.0 1.0 1.0 1.0 1.0 1.0 1.0 1.0 1.0 1.0 1.0 1.0 1.0 1.0 1.0 1.0 1.0 1.0 1.0 
[ECU,INCIN,NO_OSS,*,*]:
2010 2011 2012 2013 2014 2015 2016 2017 2018 2019 2020 2021 2022 2023 2024 2025 2026 2027 2028 2029 2030 2031 2032 2033 2034 2035 :=
1 1 1.0 1.0 1.0 1.0 1.0 1.0 1.0 1.0 1.0 1.0 1.0 1.0 1.0 1.0 1.0 1.0 1.0 1.0 1.0 1.0 1.0 1.0 1.0 1.0 1.0 
[ECU,INORG_DCOLL,INORGSS,*,*]:
2010 2011 2012 2013 2014 2015 2016 2017 2018 2019 2020 2021 2022 2023 2024 2025 2026 2027 2028 2029 2030 2031 2032 2033 2034 2035 :=
1 1 1.0 1.0 1.0 1.0 1.0 1.0 1.0 1.0 1.0 1.0 1.0 1.0 1.0 1.0 1.0 1.0 1.0 1.0 1.0 1.0 1.0 1.0 1.0 1.0 1.0 
[ECU,ORG_SS,TSW,*,*]:
2010 2011 2012 2013 2014 2015 2016 2017 2018 2019 2020 2021 2022 2023 2024 2025 2026 2027 2028 2029 2030 2031 2032 2033 2034 2035 :=
1 1 1.0 1.0 1.0 1.0 1.0 1.0 1.0 1.0 1.0 1.0 1.0 1.0 1.0 1.0 1.0 1.0 1.0 1.0 1.0 1.0 1.0 1.0 1.0 1.0 1.0 
[ECU,IWW,IWW,*,*]:
2010 2011 2012 2013 2014 2015 2016 2017 2018 2019 2020 2021 2022 2023 2024 2025 2026 2027 2028 2029 2030 2031 2032 2033 2034 2035 :=
1 1 1.0 1.0 1.0 1.0 1.0 1.0 1.0 1.0 1.0 1.0 1.0 1.0 1.0 1.0 1.0 1.0 1.0 1.0 1.0 1.0 1.0 1.0 1.0 1.0 1.0 
[ECU,AD,OSS_ORG,*,*]:
2010 2011 2012 2013 2014 2015 2016 2017 2018 2019 2020 2021 2022 2023 2024 2025 2026 2027 2028 2029 2030 2031 2032 2033 2034 2035 :=
1 1 1.0 1.0 1.0 1.0 1.0 1.0 1.0 1.0 1.0 1.0 1.0 1.0 1.0 1.0 1.0 1.0 1.0 1.0 1.0 1.0 1.0 1.0 1.0 1.0 1.0 
[ECU,LANDFILL_ELEC,LANDFILL_ELEC,*,*]:
2010 2011 2012 2013 2014 2015 2016 2017 2018 2019 2020 2021 2022 2023 2024 2025 2026 2027 2028 2029 2030 2031 2032 2033 2034 2035 :=
1 1 1.0 1.0 1.0 1.0 1.0 1.0 1.0 1.0 1.0 1.0 1.0 1.0 1.0 1.0 1.0 1.0 1.0 1.0 1.0 1.0 1.0 1.0 1.0 1.0 1.0 
[ECU,DWW_DC,DWW_DC,*,*]:
2010 2011 2012 2013 2014 2015 2016 2017 2018 2019 2020 2021 2022 2023 2024 2025 2026 2027 2028 2029 2030 2031 2032 2033 2034 2035 :=
1 1 1.0 1.0 1.0 1.0 1.0 1.0 1.0 1.0 1.0 1.0 1.0 1.0 1.0 1.0 1.0 1.0 1.0 1.0 1.0 1.0 1.0 1.0 1.0 1.0 1.0 
[ECU,T5LANDFILL_ELECTSW,E5TSWLANDFILL_ELEC,*,*]:
2010 2011 2012 2013 2014 2015 2016 2017 2018 2019 2020 2021 2022 2023 2024 2025 2026 2027 2028 2029 2030 2031 2032 2033 2034 2035 :=
1 1 1.0 1.0 1.0 1.0 1.0 1.0 1.0 1.0 1.0 1.0 1.0 1.0 1.0 1.0 1.0 1.0 1.0 1.0 1.0 1.0 1.0 1.0 1.0 1.0 1.0 
[ECU,INORG_RCY_OS,OSS_INORG,*,*]:
2010 2011 2012 2013 2014 2015 2016 2017 2018 2019 2020 2021 2022 2023 2024 2025 2026 2027 2028 2029 2030 2031 2032 2033 2034 2035 :=
1 1 1.0 1.0 1.0 1.0 1.0 1.0 1.0 1.0 1.0 1.0 1.0 1.0 1.0 1.0 1.0 1.0 1.0 1.0 1.0 1.0 1.0 1.0 1.0 1.0 1.0 
[ECU,OSS_ORG,COLL_ORG,*,*]:
2010 2011 2012 2013 2014 2015 2016 2017 2018 2019 2020 2021 2022 2023 2024 2025 2026 2027 2028 2029 2030 2031 2032 2033 2034 2035 :=
1 1 1.0 1.0 1.0 1.0 1.0 1.0 1.0 1.0 1.0 1.0 1.0 1.0 1.0 1.0 1.0 1.0 1.0 1.0 1.0 1.0 1.0 1.0 1.0 1.0 1.0 
[ECU,BLEND_NO_DCOLL,NOSS,*,*]:
2010 2011 2012 2013 2014 2015 2016 2017 2018 2019 2020 2021 2022 2023 2024 2025 2026 2027 2028 2029 2030 2031 2032 2033 2034 2035 :=
1 1 1.0 1.0 1.0 1.0 1.0 1.0 1.0 1.0 1.0 1.0 1.0 1.0 1.0 1.0 1.0 1.0 1.0 1.0 1.0 1.0 1.0 1.0 1.0 1.0 1.0 
[ECU,T5TSWTSW,E5TSWTSW,*,*]:
2010 2011 2012 2013 2014 2015 2016 2017 2018 2019 2020 2021 2022 2023 2024 2025 2026 2027 2028 2029 2030 2031 2032 2033 2034 2035 :=
1 1 1.0 1.0 1.0 1.0 1.0 1.0 1.0 1.0 1.0 1.0 1.0 1.0 1.0 1.0 1.0 1.0 1.0 1.0 1.0 1.0 1.0 1.0 1.0 1.0 1.0 
;

param SpecifiedAnnualDemand default 0 :=
[ECU,*,*]:
2010 2011 2012 2013 2014 2015 2016 2017 2018 2019 2020 2021 2022 2023 2024 2025 2026 2027 2028 2029 2030 2031 2032 2033 2034 2035 :=
E5TSWTSW 4.0672 4.2162 4.3482 4.9634 5.6248 5.2972 5.0569 5.0416 5.0421 5.0625 5.0826 5.2141 5.4172 5.7307 6.0498 6.3742 6.7037 7.0384 7.3781 7.7229 8.072 8.2296 8.3873 8.545 8.7027 8.8603 
E5TSWLANDFILL_ELEC 0.0 0.0 0.0 0.0 0.0 0.0 0.0 0.0 0.0 0.0 0.0 0.0 0.0 0.0 0.0 0.0 0.0125 0.025 0.0375 0.0629 0.0507 0.0686 0.0864 0.1043 0.1221 0.14 
E5WWDWW_DC 0.3417 0.3468 0.3533 0.359 0.3648 0.3705 0.3762 0.3818 0.3874 0.3928 0.3985 0.3991 0.3874 0.4178 0.4491 0.4473 0.462 0.5361 0.5634 0.5908 0.6184 0.6471 0.6767 0.7065 0.7173 0.7287 
E5WWDWW_N 0.086 0.0874 0.088 0.0896 0.0912 0.0903 0.0894 0.0896 0.0897 0.0936 0.0976 0.097 0.0925 0.0998 0.1072 0.1068 0.1104 0.1279 0.1345 0.141 0.1476 0.1545 0.1616 0.1687 0.1712 0.174 
E5WWIWW 0.2194 0.4256 0.6318 0.448 0.2643 0.5462 0.8281 0.8643 0.9006 0.8604 0.8203 0.7007 0.8504 0.9171 0.9858 0.982 1.019 1.1951 1.2684 1.3415 1.4148 1.4899 1.567 1.644 1.7229 1.8019 
;

param SpecifiedDemandProfile default 0 :=
[ECU,E5WWDWW_N,*,*]:
2010 2011 2012 2013 2014 2015 2016 2017 2018 2019 2020 2021 2022 2023 2024 2025 2026 2027 2028 2029 2030 2031 2032 2033 2034 2035 :=
All 1 1 1 1 1 1 1 1 1 1 1 1 1 1 1 1 1 1 1 1 1 1 1 1 1 1 
[ECU,E5WWDWW_DC,*,*]:
2010 2011 2012 2013 2014 2015 2016 2017 2018 2019 2020 2021 2022 2023 2024 2025 2026 2027 2028 2029 2030 2031 2032 2033 2034 2035 :=
All 1 1 1 1 1 1 1 1 1 1 1 1 1 1 1 1 1 1 1 1 1 1 1 1 1 1 
[ECU,E5TSWLANDFILL_ELEC,*,*]:
2010 2011 2012 2013 2014 2015 2016 2017 2018 2019 2020 2021 2022 2023 2024 2025 2026 2027 2028 2029 2030 2031 2032 2033 2034 2035 :=
All 1 1 1 1 1 1 1 1 1 1 1 1 1 1 1 1 1 1 1 1 1 1 1 1 1 1 
[ECU,E5WWIWW,*,*]:
2010 2011 2012 2013 2014 2015 2016 2017 2018 2019 2020 2021 2022 2023 2024 2025 2026 2027 2028 2029 2030 2031 2032 2033 2034 2035 :=
All 1 1 1 1 1 1 1 1 1 1 1 1 1 1 1 1 1 1 1 1 1 1 1 1 1 1 
[ECU,E5TSWTSW,*,*]:
2010 2011 2012 2013 2014 2015 2016 2017 2018 2019 2020 2021 2022 2023 2024 2025 2026 2027 2028 2029 2030 2031 2032 2033 2034 2035 :=
All 1 1 1 1 1 1 1 1 1 1 1 1 1 1 1 1 1 1 1 1 1 1 1 1 1 1 
;

param TotalTechnologyAnnualActivityLowerLimit default 0 :=
[ECU,*,*]:
2010 2011 2012 2013 2014 2015 2016 2017 2018 2019 2020 2021 2022 2023 2024 2025 2026 2027 2028 2029 2030 2031 2032 2033 2034 2035 :=
INORG_RCY_OS 1.6787 1.7402 1.7947 2.0486 2.3216 2.1813 2.0872 2.0767 2.0811 2.0896 2.0978 2.1521 2.2359 2.3656 2.4973 2.6311 2.7664 2.9038 3.0431 3.1843 3.327 3.3908 3.4545 3.518 3.5815 3.6449 
COMPOST 0.0055 0.0064 0.0073 0.0222 0.0372 0.0322 0.0272 0.0305 0.0338 0.0353 0.0368 0.0385 0.0337 0.0356 0.0376 0.0396 0.044 0.0483 0.0527 0.0571 0.0616 0.0649 0.0681 0.0714 0.0746 0.0779 
LANDFILL 1.2472 1.354 1.4482 1.5746 1.7108 1.9967 2.218 2.3477 2.4618 2.4778 2.4921 2.6399 2.7492 2.9082 3.0701 3.2348 3.4004 3.5687 3.7398 3.9136 4.0897 4.1687 4.2478 4.3271 4.4065 4.4858 
NO_CONTR_OD 1.1267 1.1059 1.0876 1.3072 1.5439 1.0758 0.7133 0.5753 0.4538 0.4447 0.4366 0.3745 0.3847 0.4069 0.4296 0.4526 0.476 0.4998 0.5239 0.5484 0.5733 0.5844 0.5957 0.6069 0.6181 0.6293 
COPROC 0.0 0.0 0.0 0.0 0.0 0.0 0.0 0.0 0.0 0.0 0.0 0.0 0.0 0.0 0.0 0.0 0.0 0.0 0.0 0.0 0.0 0.0 0.0 0.0 0.0 0.0 
INCIN 0.0091 0.0097 0.0104 0.0108 0.0113 0.0112 0.0112 0.0114 0.0116 0.0151 0.0193 0.0091 0.0137 0.0144 0.0152 0.0161 0.0169 0.0178 0.0186 0.0195 0.0204 0.0208 0.0212 0.0216 0.022 0.0224 
LANDFILL_ELEC 0.0 0.0 0.0 0.0 0.0 0.0 0.0 0.0 0.0 0.0 0.0 0.0 0.0 0.0 0.0 0.0 0.0125 0.025 0.0375 0.0629 0.0507 0.0686 0.0864 0.1043 0.1221 0.14 
DWW_DC 0.3417 0.3468 0.3533 0.359 0.3648 0.3705 0.3762 0.3818 0.3874 0.3928 0.3985 0.3991 0.3874 0.4178 0.4491 0.4473 0.462 0.5361 0.5634 0.5908 0.6184 0.6471 0.6767 0.7065 0.7173 0.7287 
DWW_N 0.086 0.0874 0.088 0.0896 0.0912 0.0903 0.0894 0.0896 0.0897 0.0936 0.0976 0.097 0.0925 0.0998 0.1072 0.1068 0.1104 0.1279 0.1345 0.141 0.1476 0.1545 0.1616 0.1687 0.1712 0.174 
IWW 0.2194 0.4256 0.6318 0.448 0.2643 0.5462 0.8281 0.8643 0.9006 0.8604 0.8203 0.7007 0.8504 0.9171 0.9858 0.982 1.019 1.1951 1.2684 1.3415 1.4148 1.4899 1.567 1.644 1.7229 1.8019 
PTAR_ER 0.0 0.0 0.0 0.0 0.0 0.0 0.0 0.0 0.0 0.0 0.0 0.0 0.0 0.0 0.0 0.0 0.0 0.0 0.0 0.0 0.0 0.0 0.0 0.0 0.0 0.0 
OSS_INORG 1.6787 1.7402 1.7947 2.0486 2.3216 2.1813 2.0872 2.0767 2.0811 2.0896 2.0978 2.1521 2.2359 2.3656 2.4973 2.6311 2.7664 2.9038 3.0431 3.1843 3.327 3.3908 3.4545 3.518 3.5815 3.6449 
OSS_ORG 0.0055 0.0064 0.0073 0.0222 0.0372 0.0322 0.0272 0.0305 0.0338 0.0353 0.0368 0.0385 0.0337 0.0356 0.0376 0.0396 0.044 0.0483 0.0527 0.0571 0.0616 0.0649 0.0681 0.0714 0.0746 0.0779 
NO_OSS_BLEND 2.383 2.4696 2.5462 2.8926 3.266 3.0837 2.9425 2.9344 2.9272 2.9376 2.948 3.0235 3.1476 3.3295 3.5149 3.7035 3.8933 4.0863 4.2823 4.4815 4.6834 4.7739 4.8647 4.9556 5.0466 5.1375 
NO_OSS_NO_COLL 0.0 0.0 0.0 0.0 0.0 0.0 0.0 0.0 0.0 0.0 0.0 0.0 0.0 0.0 0.0 0.0 0.0 0.0 0.0 0.0 0.0 0.0 0.0 0.0 0.0 0.0 
INORG_DCOLL 1.6787 1.7402 1.7947 2.0486 2.3216 2.1813 2.0872 2.0767 2.0811 2.0896 2.0978 2.1521 2.2359 2.3656 2.4973 2.6311 2.7664 2.9038 3.0431 3.1843 3.327 3.3908 3.4545 3.518 3.5815 3.6449 
ORG_DCOLL 0.0055 0.0064 0.0073 0.0222 0.0372 0.0322 0.0272 0.0305 0.0338 0.0353 0.0368 0.0385 0.0337 0.0356 0.0376 0.0396 0.044 0.0483 0.0527 0.0571 0.0616 0.0649 0.0681 0.0714 0.0746 0.0779 
BLEND_NO_DCOLL 2.383 2.4696 2.5462 2.8926 3.266 3.0837 2.9425 2.9344 2.9272 2.9376 2.948 3.0235 3.1476 3.3295 3.5149 3.7035 3.8933 4.0863 4.2823 4.4815 4.6834 4.7739 4.8647 4.9556 5.0466 5.1375 
BLEND_NO_COLL 0.0 0.0 0.0 0.0 0.0 0.0 0.0 0.0 0.0 0.0 0.0 0.0 0.0 0.0 0.0 0.0 0.0 0.0 0.0 0.0 0.0 0.0 0.0 0.0 0.0 0.0 
INORG_SS 1.6787 1.7402 1.7947 2.0486 2.3216 2.1813 2.0872 2.0767 2.0811 2.0896 2.0978 2.1521 2.2359 2.3656 2.4973 2.6311 2.7664 2.9038 3.0431 3.1843 3.327 3.3908 3.4545 3.518 3.5815 3.6449 
ORG_SS 0.0055 0.0064 0.0073 0.0222 0.0372 0.0322 0.0272 0.0305 0.0338 0.0353 0.0368 0.0385 0.0337 0.0356 0.0376 0.0396 0.044 0.0483 0.0527 0.0571 0.0616 0.0649 0.0681 0.0714 0.0746 0.0779 
NO_SS 2.383 2.4696 2.5462 2.8926 3.266 3.0837 2.9425 2.9344 2.9272 2.9376 2.948 3.0235 3.1476 3.3295 3.5149 3.7035 3.8933 4.0863 4.2823 4.4815 4.6834 4.7739 4.8647 4.9556 5.0466 5.1375 
;

param TotalTechnologyAnnualActivityUpperLimit default 99999 :=
[ECU,*,*]:
2010 2011 2012 2013 2014 2015 2016 2017 2018 2019 2020 2021 2022 2023 2024 2025 2026 2027 2028 2029 2030 2031 2032 2033 2034 2035 :=
COPROC 0.0 0.0 0.0 0.0 0.0 0.0 0.0 0.0 0.0 0.0 0.0 0.0 0.0 0.0 0.0 0.0 0.0 0.0 0.0 0.0 0.0 0.0 0.0 0.0 0.0 0.0 
LANDFILL_ELEC 0.0 0.0 0.0 0.0 0.0 0.0 0.0 0.0 0.0 0.0 0.0 0.0 0.0 0.0 0.0 0.0 0.0125 0.025 0.0375 0.0629 0.0507 0.0686 0.0864 0.1043 0.1221 0.14 
DWW_DC 0.3417 0.3468 0.3533 0.359 0.3648 0.3705 0.3762 0.3818 0.3874 0.3928 0.3985 0.3991 0.3874 0.4178 0.4491 0.4473 0.462 0.5361 0.5634 0.5908 0.6184 0.6471 0.6767 0.7065 0.7173 0.7287 
DWW_N 0.086 0.0874 0.088 0.0896 0.0912 0.0903 0.0894 0.0896 0.0897 0.0936 0.0976 0.097 0.0925 0.0998 0.1072 0.1068 0.1104 0.1279 0.1345 0.141 0.1476 0.1545 0.1616 0.1687 0.1712 0.174 
IWW 0.2194 0.4256 0.6318 0.448 0.2643 0.5462 0.8281 0.8643 0.9006 0.8604 0.8203 0.7007 0.8504 0.9171 0.9858 0.982 1.019 1.1951 1.2684 1.3415 1.4148 1.4899 1.567 1.644 1.7229 1.8019 
PTAR_ER 0.0 0.0 0.0 0.0 0.0 0.0 0.0 0.0 0.0 0.0 0.0 0.0 0.0 0.0 0.0 0.0 0.0 0.0 0.0 0.0 0.0 0.0 0.0 0.0 0.0 0.0 
;

param YearSplit default 0 :
2010 2011 2012 2013 2014 2015 2016 2017 2018 2019 2020 2021 2022 2023 2024 2025 2026 2027 2028 2029 2030 2031 2032 2033 2034 2035 :=
All 1 1 1 1 1 1 1 1 1 1 1 1 1 1 1 1 1 1 1 1 1 1 1 1 1 1 
;

param AccumulatedAnnualDemand default 0 :=
;
param AnnualEmissionLimit default 99999 :=
;
param AnnualExogenousEmission default 0 :=
;
param CapacityOfOneTechnologyUnit default 0 :=
;
param CapitalCostStorage default 0 :=
;
param Conversionld default 0 :=
;
param Conversionlh default 0 :=
;
param Conversionls default 0 :=
;
param DaySplit default 0.00137 :=
;
param DaysInDayType default 7 :=
;
param DepreciationMethod default 1 :=
;
param DiscountRate default 0.05 :=
;
param EmissionsPenalty default 0 :=
;
param MinStorageCharge default 0 :=
;
param ModelPeriodEmissionLimit default 99999 :=
;
param ModelPeriodExogenousEmission default 0 :=
;
param OperationalLifeStorage default 1 :=
;
param REMinProductionTarget default 0 :=
;
param RETagFuel default 0 :=
;
param RETagTechnology default 0 :=
;
param ReserveMargin default 0 :=
;
param ReserveMarginTagFuel default 0 :=
;
param ReserveMarginTagTechnology default 0 :=
;
param ResidualStorageCapacity default 0 :=
;
param StorageLevelStart default 0 :=
;
param StorageMaxChargeRate default 0 :=
;
param StorageMaxDischargeRate default 0 :=
;
param TechnologyFromStorage default 0 :=
;
param TechnologyToStorage default 0 :=
;
param TotalAnnualMaxCapacityInvestment default 99999 :=
;
param TotalAnnualMinCapacity default 0 :=
;
param TotalTechnologyModelPeriodActivityLowerLimit default 0 :=
;
param TotalTechnologyModelPeriodActivityUpperLimit default 99999 :=
;
param TradeRoute default 0 :=
;
param ResidualCapacity default 0 :=
;
param CapitalCost default 0 :=
;
param TotalAnnualMinCapacityInvestment default 0 :=
;
param VariableCost default 0 :=
;
param FixedCost default 0 :=
;
param CapacityFactor default 1 :=
;
param AvailabilityFactor default 1 :=
;
param TotalAnnualMaxCapacity default 99999 :=
;
#
end;
