###############
#    Sets     #
###############
#
set DAILYTIMEBRACKET :=  ;
set DAYTYPE :=  ;
set SEASON :=  ;
set STORAGE :=  ;
set YEAR := 2010 2011 2012 2013 2014 2015 2016 2017 2018 2019 2020 2021 2022 2023 2024 2025 2026 2027 2028 2029 2030 2031 2032 2033 2034 2035 ;
set TECHNOLOGY := RAW_MAT_CLK RAW_MAT_CEM IMP_STOR IMP_REFR_AC IMP_HFC23 IMP_HFC32 IMP_HFC125 IMP_HFC134a IMP_HFC143a IMP_HFC152a IMP_HFC227ea OTHER_IPPU PROD_CLK_TRAD PROD_CEM T5CEM_PRODIND T5REFR_ACIPPU T5HFC23IPPU T5HFC32IPPU T5HFC125IPPU T5HFC134aIPPU T5HFC143aIPPU T5HFC152aIPPU T5HFC227eaIPPU T5OTHER_IPPUIPPU LIME_PROD GLASS_PROD CERAMICS SODA_ASH IRON_STEEL LEAD_PROD LUBRI PARAFFIN T5LIME_PRODIPPU T5GLASS_PRODIPPU T5CERAMICSIPPU T5SODA_ASHIPPU T5IRON_STEELIPPU T5LEAD_PRODIPPU T5LUBRIIPPU T5PARAFFINIPPU ;
set TIMESLICE := All ;
set FUEL := RAW_MAT_CLK RAW_MAT_CEM CLK_PROD REFR_AC HFC23 HFC32 HFC125 HFC134a HFC143a HFC152a HFC227ea OTHER_IPPU CEM_PROD E5INDCEM_PROD E5IPPUREFR_AC E5IPPUHFC23 E5IPPUHFC32 E5IPPUHFC125 E5IPPUHFC134a E5IPPUHFC143a E5IPPUHFC152a E5IPPUHFC227ea E5IPPUOTHER_IPPU LIME_PROD GLASS_PROD CERAMICS SODA_ASH IRON_STEEL LEAD_PROD LUBRI PARAFFIN E5IPPULIME_PROD E5IPPUGLASS_PROD E5IPPUCERAMICS E5IPPUSODA_ASH E5IPPUIRON_STEEL E5IPPULEAD_PROD E5IPPULUBRI E5IPPUPARAFFIN ;
set EMISSION := CO2e_HFC CO2e_IPPU CO2e_CEM CO2e_leakage CO2e_consumption_com ;
set MODE_OF_OPERATION := 1 ;
set REGION := ECU ;

###############
#    Parameters     #
###############
#
param CapacityToActivityUnit default 1 :
RAW_MAT_CLK RAW_MAT_CEM IMP_STOR IMP_REFR_AC IMP_HFC23 IMP_HFC32 IMP_HFC125 IMP_HFC134a IMP_HFC143a IMP_HFC152a IMP_HFC227ea OTHER_IPPU LIME_PROD GLASS_PROD CERAMICS SODA_ASH IRON_STEEL LEAD_PROD LUBRI PARAFFIN PROD_CLK_TRAD PROD_CEM T5CEM_PRODIND T5REFR_ACIPPU T5HFC23IPPU T5HFC32IPPU T5HFC125IPPU T5HFC134aIPPU T5HFC143aIPPU T5HFC152aIPPU T5HFC227eaIPPU T5OTHER_IPPUIPPU T5LIME_PRODIPPU T5GLASS_PRODIPPU T5CERAMICSIPPU T5SODA_ASHIPPU T5IRON_STEELIPPU T5LEAD_PRODIPPU T5LUBRIIPPU T5PARAFFINIPPU :=
ECU 1 1 1 1 1 1 1 1 1 1 1 1 1 1 1 1 1 1 1 1 1 1 1 1 1 1 1 1 1 1 1 1 1 1 1 1 1 1 1 1 
;

param EmissionActivityRatio default 0 :=
[ECU,IMP_HFC32,CO2e_leakage,*,*]:
2010 2011 2012 2013 2014 2015 2016 2017 2018 2019 2020 2021 2022 2023 2024 2025 2026 2027 2028 2029 2030 2031 2032 2033 2034 2035 :=
1 1.0 1.0 1.0 1.0 1.0 1.0 1.0 1.0 1.0 1.0 1.0 1.0 1.0 1.0 1.0 1.0 1.0 1.0 1.0 1.0 1.0 1.0 1.0 1.0 1.0 1.0 
[ECU,PROD_CLK_TRAD,CO2e_CEM,*,*]:
2010 2011 2012 2013 2014 2015 2016 2017 2018 2019 2020 2021 2022 2023 2024 2025 2026 2027 2028 2029 2030 2031 2032 2033 2034 2035 :=
1 0.5353 0.5362 0.5372 0.5347 0.5325 0.5329 0.5335 0.5342 0.5348 0.5348 0.5348 0.5348 0.5348 0.5348 0.5348 0.5348 0.5348 0.5348 0.5348 0.5348 0.5348 0.5348 0.5348 0.5348 0.5348 0.5348 
[ECU,IMP_HFC23,CO2e_consumption_com,*,*]:
2010 2011 2012 2013 2014 2015 2016 2017 2018 2019 2020 2021 2022 2023 2024 2025 2026 2027 2028 2029 2030 2031 2032 2033 2034 2035 :=
1 1.0 1.0 1.0 1.0 1.0 1.0 1.0 1.0 1.0 1.0 1.0 1.0 1.0 1.0 1.0 1.0 1.0 1.0 1.0 1.0 1.0 1.0 1.0 1.0 1.0 1.0 
[ECU,IMP_HFC227ea,CO2e_leakage,*,*]:
2010 2011 2012 2013 2014 2015 2016 2017 2018 2019 2020 2021 2022 2023 2024 2025 2026 2027 2028 2029 2030 2031 2032 2033 2034 2035 :=
1 1.0 1.0 1.0 1.0 1.0 1.0 1.0 1.0 1.0 1.0 1.0 1.0 1.0 1.0 1.0 1.0 1.0 1.0 1.0 1.0 1.0 1.0 1.0 1.0 1.0 1.0 
[ECU,PARAFFIN,CO2e_HFC,*,*]:
2010 2011 2012 2013 2014 2015 2016 2017 2018 2019 2020 2021 2022 2023 2024 2025 2026 2027 2028 2029 2030 2031 2032 2033 2034 2035 :=
1 1.0 1.0 1.0 1.0 1.0 1.0 1.0 1.0 1.0 1.0 1.0 1.0 1.0 1.0 1.0 1.0 1.0 1.0 1.0 1.0 1.0 1.0 1.0 1.0 1.0 1.0 
[ECU,IMP_HFC32,CO2e_consumption_com,*,*]:
2010 2011 2012 2013 2014 2015 2016 2017 2018 2019 2020 2021 2022 2023 2024 2025 2026 2027 2028 2029 2030 2031 2032 2033 2034 2035 :=
1 1.0 1.0 1.0 1.0 1.0 1.0 1.0 1.0 1.0 1.0 1.0 1.0 1.0 1.0 1.0 1.0 1.0 1.0 1.0 1.0 1.0 1.0 1.0 1.0 1.0 1.0 
[ECU,LEAD_PROD,CO2e_HFC,*,*]:
2010 2011 2012 2013 2014 2015 2016 2017 2018 2019 2020 2021 2022 2023 2024 2025 2026 2027 2028 2029 2030 2031 2032 2033 2034 2035 :=
1 1.0 1.0 1.0 1.0 1.0 1.0 1.0 1.0 1.0 1.0 1.0 1.0 1.0 1.0 1.0 1.0 1.0 1.0 1.0 1.0 1.0 1.0 1.0 1.0 1.0 1.0 
[ECU,IRON_STEEL,CO2e_HFC,*,*]:
2010 2011 2012 2013 2014 2015 2016 2017 2018 2019 2020 2021 2022 2023 2024 2025 2026 2027 2028 2029 2030 2031 2032 2033 2034 2035 :=
1 1.0 1.0 1.0 1.0 1.0 1.0 1.0 1.0 1.0 1.0 1.0 1.0 1.0 1.0 1.0 1.0 1.0 1.0 1.0 1.0 1.0 1.0 1.0 1.0 1.0 1.0 
[ECU,IMP_HFC227ea,CO2e_consumption_com,*,*]:
2010 2011 2012 2013 2014 2015 2016 2017 2018 2019 2020 2021 2022 2023 2024 2025 2026 2027 2028 2029 2030 2031 2032 2033 2034 2035 :=
1 1.0 1.0 1.0 1.0 1.0 1.0 1.0 1.0 1.0 1.0 1.0 1.0 1.0 1.0 1.0 1.0 1.0 1.0 1.0 1.0 1.0 1.0 1.0 1.0 1.0 1.0 
[ECU,IMP_HFC143a,CO2e_consumption_com,*,*]:
2010 2011 2012 2013 2014 2015 2016 2017 2018 2019 2020 2021 2022 2023 2024 2025 2026 2027 2028 2029 2030 2031 2032 2033 2034 2035 :=
1 1.0 1.0 1.0 1.0 1.0 1.0 1.0 1.0 1.0 1.0 1.0 1.0 1.0 1.0 1.0 1.0 1.0 1.0 1.0 1.0 1.0 1.0 1.0 1.0 1.0 1.0 
[ECU,LIME_PROD,CO2e_HFC,*,*]:
2010 2011 2012 2013 2014 2015 2016 2017 2018 2019 2020 2021 2022 2023 2024 2025 2026 2027 2028 2029 2030 2031 2032 2033 2034 2035 :=
1 1.0 1.0 1.0 1.0 1.0 1.0 1.0 1.0 1.0 1.0 1.0 1.0 1.0 1.0 1.0 1.0 1.0 1.0 1.0 1.0 1.0 1.0 1.0 1.0 1.0 1.0 
[ECU,GLASS_PROD,CO2e_HFC,*,*]:
2010 2011 2012 2013 2014 2015 2016 2017 2018 2019 2020 2021 2022 2023 2024 2025 2026 2027 2028 2029 2030 2031 2032 2033 2034 2035 :=
1 1.0 1.0 1.0 1.0 1.0 1.0 1.0 1.0 1.0 1.0 1.0 1.0 1.0 1.0 1.0 1.0 1.0 1.0 1.0 1.0 1.0 1.0 1.0 1.0 1.0 1.0 
[ECU,IMP_HFC143a,CO2e_leakage,*,*]:
2010 2011 2012 2013 2014 2015 2016 2017 2018 2019 2020 2021 2022 2023 2024 2025 2026 2027 2028 2029 2030 2031 2032 2033 2034 2035 :=
1 1.0 1.0 1.0 1.0 1.0 1.0 1.0 1.0 1.0 1.0 1.0 1.0 1.0 1.0 1.0 1.0 1.0 1.0 1.0 1.0 1.0 1.0 1.0 1.0 1.0 1.0 
[ECU,CERAMICS,CO2e_HFC,*,*]:
2010 2011 2012 2013 2014 2015 2016 2017 2018 2019 2020 2021 2022 2023 2024 2025 2026 2027 2028 2029 2030 2031 2032 2033 2034 2035 :=
1 1.0 1.0 1.0 1.0 1.0 1.0 1.0 1.0 1.0 1.0 1.0 1.0 1.0 1.0 1.0 1.0 1.0 1.0 1.0 1.0 1.0 1.0 1.0 1.0 1.0 1.0 
[ECU,SODA_ASH,CO2e_HFC,*,*]:
2010 2011 2012 2013 2014 2015 2016 2017 2018 2019 2020 2021 2022 2023 2024 2025 2026 2027 2028 2029 2030 2031 2032 2033 2034 2035 :=
1 1.0 1.0 1.0 1.0 1.0 1.0 1.0 1.0 1.0 1.0 1.0 1.0 1.0 1.0 1.0 1.0 1.0 1.0 1.0 1.0 1.0 1.0 1.0 1.0 1.0 1.0 
[ECU,IMP_HFC125,CO2e_consumption_com,*,*]:
2010 2011 2012 2013 2014 2015 2016 2017 2018 2019 2020 2021 2022 2023 2024 2025 2026 2027 2028 2029 2030 2031 2032 2033 2034 2035 :=
1 1.0 1.0 1.0 1.0 1.0 1.0 1.0 1.0 1.0 1.0 1.0 1.0 1.0 1.0 1.0 1.0 1.0 1.0 1.0 1.0 1.0 1.0 1.0 1.0 1.0 1.0 
[ECU,IMP_HFC23,CO2e_leakage,*,*]:
2010 2011 2012 2013 2014 2015 2016 2017 2018 2019 2020 2021 2022 2023 2024 2025 2026 2027 2028 2029 2030 2031 2032 2033 2034 2035 :=
1 1.0 1.0 1.0 1.0 1.0 1.0 1.0 1.0 1.0 1.0 1.0 1.0 1.0 1.0 1.0 1.0 1.0 1.0 1.0 1.0 1.0 1.0 1.0 1.0 1.0 1.0 
[ECU,IMP_HFC125,CO2e_leakage,*,*]:
2010 2011 2012 2013 2014 2015 2016 2017 2018 2019 2020 2021 2022 2023 2024 2025 2026 2027 2028 2029 2030 2031 2032 2033 2034 2035 :=
1 1.0 1.0 1.0 1.0 1.0 1.0 1.0 1.0 1.0 1.0 1.0 1.0 1.0 1.0 1.0 1.0 1.0 1.0 1.0 1.0 1.0 1.0 1.0 1.0 1.0 1.0 
[ECU,LUBRI,CO2e_HFC,*,*]:
2010 2011 2012 2013 2014 2015 2016 2017 2018 2019 2020 2021 2022 2023 2024 2025 2026 2027 2028 2029 2030 2031 2032 2033 2034 2035 :=
1 1.0 1.0 1.0 1.0 1.0 1.0 1.0 1.0 1.0 1.0 1.0 1.0 1.0 1.0 1.0 1.0 1.0 1.0 1.0 1.0 1.0 1.0 1.0 1.0 1.0 1.0 
[ECU,IMP_HFC134a,CO2e_consumption_com,*,*]:
2010 2011 2012 2013 2014 2015 2016 2017 2018 2019 2020 2021 2022 2023 2024 2025 2026 2027 2028 2029 2030 2031 2032 2033 2034 2035 :=
1 1.0 1.0 1.0 1.0 1.0 1.0 1.0 1.0 1.0 1.0 1.0 1.0 1.0 1.0 1.0 1.0 1.0 1.0 1.0 1.0 1.0 1.0 1.0 1.0 1.0 1.0 
[ECU,IMP_REFR_AC,CO2e_HFC,*,*]:
2010 2011 2012 2013 2014 2015 2016 2017 2018 2019 2020 2021 2022 2023 2024 2025 2026 2027 2028 2029 2030 2031 2032 2033 2034 2035 :=
1 1.0 1.0 1.0 1.0 1.0 1.0 1.0 1.0 1.0 1.0 1.0 1.0 1.0 1.0 1.0 1.0 1.0 1.0 1.0 1.0 1.0 1.0 1.0 1.0 1.0 1.0 
[ECU,IMP_HFC152a,CO2e_leakage,*,*]:
2010 2011 2012 2013 2014 2015 2016 2017 2018 2019 2020 2021 2022 2023 2024 2025 2026 2027 2028 2029 2030 2031 2032 2033 2034 2035 :=
1 1.0 1.0 1.0 1.0 1.0 1.0 1.0 1.0 1.0 1.0 1.0 1.0 1.0 1.0 1.0 1.0 1.0 1.0 1.0 1.0 1.0 1.0 1.0 1.0 1.0 1.0 
[ECU,IMP_HFC134a,CO2e_leakage,*,*]:
2010 2011 2012 2013 2014 2015 2016 2017 2018 2019 2020 2021 2022 2023 2024 2025 2026 2027 2028 2029 2030 2031 2032 2033 2034 2035 :=
1 1.0 1.0 1.0 1.0 1.0 1.0 1.0 1.0 1.0 1.0 1.0 1.0 1.0 1.0 1.0 1.0 1.0 1.0 1.0 1.0 1.0 1.0 1.0 1.0 1.0 1.0 
[ECU,IMP_HFC152a,CO2e_consumption_com,*,*]:
2010 2011 2012 2013 2014 2015 2016 2017 2018 2019 2020 2021 2022 2023 2024 2025 2026 2027 2028 2029 2030 2031 2032 2033 2034 2035 :=
1 1.0 1.0 1.0 1.0 1.0 1.0 1.0 1.0 1.0 1.0 1.0 1.0 1.0 1.0 1.0 1.0 1.0 1.0 1.0 1.0 1.0 1.0 1.0 1.0 1.0 1.0 
[ECU,OTHER_IPPU,CO2e_IPPU,*,*]:
2010 2011 2012 2013 2014 2015 2016 2017 2018 2019 2020 2021 2022 2023 2024 2025 2026 2027 2028 2029 2030 2031 2032 2033 2034 2035 :=
1 1.0 1.0 1.0 1.0 1.0 1.0 1.0 1.0 1.0 1.0 1.0 1.0 1.0 1.0 1.0 1.0 1.0 1.0 1.0 1.0 1.0 1.0 1.0 1.0 1.0 1.0 
;

param InputActivityRatio default 0 :=
[ECU,T5REFR_ACIPPU,REFR_AC,*,*]:
2010 2011 2012 2013 2014 2015 2016 2017 2018 2019 2020 2021 2022 2023 2024 2025 2026 2027 2028 2029 2030 2031 2032 2033 2034 2035 :=
1 1.0 1.0 1.0 1.0 1.0 1.0 1.0 1.0 1.0 1.0 1.0 1.0 1.0 1.0 1.0 1.0 1.0 1.0 1.0 1.0 1.0 1.0 1.0 1.0 1.0 1.0 
[ECU,PROD_CEM,RAW_MAT_CEM,*,*]:
2010 2011 2012 2013 2014 2015 2016 2017 2018 2019 2020 2021 2022 2023 2024 2025 2026 2027 2028 2029 2030 2031 2032 2033 2034 2035 :=
1 0.3689 0.4128 0.451 0.4556 0.4599 0.41 0.3449 0.2836 0.223 0.208 0.1827 0.2003 0.186 0.1823 0.1795 0.1774 0.1812 0.1851 0.1891 0.1933 0.1976 0.1961 0.1948 0.1935 0.1923 0.1912 
[ECU,PROD_CEM,CLK_PROD,*,*]:
2010 2011 2012 2013 2014 2015 2016 2017 2018 2019 2020 2021 2022 2023 2024 2025 2026 2027 2028 2029 2030 2031 2032 2033 2034 2035 :=
1 0.6311 0.5872 0.549 0.5444 0.5401 0.59 0.6551 0.7164 0.777 0.792 0.8173 0.7997 0.814 0.8177 0.8205 0.8226 0.8188 0.8149 0.8109 0.8067 0.8024 0.8039 0.8052 0.8065 0.8077 0.8088 
[ECU,T5HFC125IPPU,HFC125,*,*]:
2010 2011 2012 2013 2014 2015 2016 2017 2018 2019 2020 2021 2022 2023 2024 2025 2026 2027 2028 2029 2030 2031 2032 2033 2034 2035 :=
1 1.0 1.0 1.0 1.0 1.0 1.0 1.0 1.0 1.0 1.0 1.0 1.0 1.0 1.0 1.0 1.0 1.0 1.0 1.0 1.0 1.0 1.0 1.0 1.0 1.0 1.0 
[ECU,T5GLASS_PRODIPPU,GLASS_PROD,*,*]:
2010 2011 2012 2013 2014 2015 2016 2017 2018 2019 2020 2021 2022 2023 2024 2025 2026 2027 2028 2029 2030 2031 2032 2033 2034 2035 :=
1 1.0 1.0 1.0 1.0 1.0 1.0 1.0 1.0 1.0 1.0 1.0 1.0 1.0 1.0 1.0 1.0 1.0 1.0 1.0 1.0 1.0 1.0 1.0 1.0 1.0 1.0 
[ECU,T5HFC227eaIPPU,HFC227ea,*,*]:
2010 2011 2012 2013 2014 2015 2016 2017 2018 2019 2020 2021 2022 2023 2024 2025 2026 2027 2028 2029 2030 2031 2032 2033 2034 2035 :=
1 1.0 1.0 1.0 1.0 1.0 1.0 1.0 1.0 1.0 1.0 1.0 1.0 1.0 1.0 1.0 1.0 1.0 1.0 1.0 1.0 1.0 1.0 1.0 1.0 1.0 1.0 
[ECU,T5HFC134aIPPU,HFC134a,*,*]:
2010 2011 2012 2013 2014 2015 2016 2017 2018 2019 2020 2021 2022 2023 2024 2025 2026 2027 2028 2029 2030 2031 2032 2033 2034 2035 :=
1 1.0 1.0 1.0 1.0 1.0 1.0 1.0 1.0 1.0 1.0 1.0 1.0 1.0 1.0 1.0 1.0 1.0 1.0 1.0 1.0 1.0 1.0 1.0 1.0 1.0 1.0 
[ECU,T5LIME_PRODIPPU,LIME_PROD,*,*]:
2010 2011 2012 2013 2014 2015 2016 2017 2018 2019 2020 2021 2022 2023 2024 2025 2026 2027 2028 2029 2030 2031 2032 2033 2034 2035 :=
1 1.0 1.0 1.0 1.0 1.0 1.0 1.0 1.0 1.0 1.0 1.0 1.0 1.0 1.0 1.0 1.0 1.0 1.0 1.0 1.0 1.0 1.0 1.0 1.0 1.0 1.0 
[ECU,T5SODA_ASHIPPU,SODA_ASH,*,*]:
2010 2011 2012 2013 2014 2015 2016 2017 2018 2019 2020 2021 2022 2023 2024 2025 2026 2027 2028 2029 2030 2031 2032 2033 2034 2035 :=
1 1.0 1.0 1.0 1.0 1.0 1.0 1.0 1.0 1.0 1.0 1.0 1.0 1.0 1.0 1.0 1.0 1.0 1.0 1.0 1.0 1.0 1.0 1.0 1.0 1.0 1.0 
[ECU,T5CEM_PRODIND,CEM_PROD,*,*]:
2010 2011 2012 2013 2014 2015 2016 2017 2018 2019 2020 2021 2022 2023 2024 2025 2026 2027 2028 2029 2030 2031 2032 2033 2034 2035 :=
1 1.0 1.0 1.0 1.0 1.0 1.0 1.0 1.0 1.0 1.0 1.0 1.0 1.0 1.0 1.0 1.0 1.0 1.0 1.0 1.0 1.0 1.0 1.0 1.0 1.0 1.0 
[ECU,T5HFC32IPPU,HFC32,*,*]:
2010 2011 2012 2013 2014 2015 2016 2017 2018 2019 2020 2021 2022 2023 2024 2025 2026 2027 2028 2029 2030 2031 2032 2033 2034 2035 :=
1 1.0 1.0 1.0 1.0 1.0 1.0 1.0 1.0 1.0 1.0 1.0 1.0 1.0 1.0 1.0 1.0 1.0 1.0 1.0 1.0 1.0 1.0 1.0 1.0 1.0 1.0 
[ECU,T5LEAD_PRODIPPU,LEAD_PROD,*,*]:
2010 2011 2012 2013 2014 2015 2016 2017 2018 2019 2020 2021 2022 2023 2024 2025 2026 2027 2028 2029 2030 2031 2032 2033 2034 2035 :=
1 1.0 1.0 1.0 1.0 1.0 1.0 1.0 1.0 1.0 1.0 1.0 1.0 1.0 1.0 1.0 1.0 1.0 1.0 1.0 1.0 1.0 1.0 1.0 1.0 1.0 1.0 
[ECU,T5IRON_STEELIPPU,IRON_STEEL,*,*]:
2010 2011 2012 2013 2014 2015 2016 2017 2018 2019 2020 2021 2022 2023 2024 2025 2026 2027 2028 2029 2030 2031 2032 2033 2034 2035 :=
1 1.0 1.0 1.0 1.0 1.0 1.0 1.0 1.0 1.0 1.0 1.0 1.0 1.0 1.0 1.0 1.0 1.0 1.0 1.0 1.0 1.0 1.0 1.0 1.0 1.0 1.0 
[ECU,T5OTHER_IPPUIPPU,OTHER_IPPU,*,*]:
2010 2011 2012 2013 2014 2015 2016 2017 2018 2019 2020 2021 2022 2023 2024 2025 2026 2027 2028 2029 2030 2031 2032 2033 2034 2035 :=
1 1.0 1.0 1.0 1.0 1.0 1.0 1.0 1.0 1.0 1.0 1.0 1.0 1.0 1.0 1.0 1.0 1.0 1.0 1.0 1.0 1.0 1.0 1.0 1.0 1.0 1.0 
[ECU,PROD_CLK_TRAD,RAW_MAT_CLK,*,*]:
2010 2011 2012 2013 2014 2015 2016 2017 2018 2019 2020 2021 2022 2023 2024 2025 2026 2027 2028 2029 2030 2031 2032 2033 2034 2035 :=
1 1.0 1.0 1.0 1.0 1.0 1.0 1.0 1.0 1.0 1.0 1.0 1.0 1.0 1.0 1.0 1.0 1.0 1.0 1.0 1.0 1.0 1.0 1.0 1.0 1.0 1.0 
[ECU,T5PARAFFINIPPU,PARAFFIN,*,*]:
2010 2011 2012 2013 2014 2015 2016 2017 2018 2019 2020 2021 2022 2023 2024 2025 2026 2027 2028 2029 2030 2031 2032 2033 2034 2035 :=
1 1.0 1.0 1.0 1.0 1.0 1.0 1.0 1.0 1.0 1.0 1.0 1.0 1.0 1.0 1.0 1.0 1.0 1.0 1.0 1.0 1.0 1.0 1.0 1.0 1.0 1.0 
[ECU,T5HFC143aIPPU,HFC143a,*,*]:
2010 2011 2012 2013 2014 2015 2016 2017 2018 2019 2020 2021 2022 2023 2024 2025 2026 2027 2028 2029 2030 2031 2032 2033 2034 2035 :=
1 1.0 1.0 1.0 1.0 1.0 1.0 1.0 1.0 1.0 1.0 1.0 1.0 1.0 1.0 1.0 1.0 1.0 1.0 1.0 1.0 1.0 1.0 1.0 1.0 1.0 1.0 
[ECU,T5HFC23IPPU,HFC23,*,*]:
2010 2011 2012 2013 2014 2015 2016 2017 2018 2019 2020 2021 2022 2023 2024 2025 2026 2027 2028 2029 2030 2031 2032 2033 2034 2035 :=
1 1.0 1.0 1.0 1.0 1.0 1.0 1.0 1.0 1.0 1.0 1.0 1.0 1.0 1.0 1.0 1.0 1.0 1.0 1.0 1.0 1.0 1.0 1.0 1.0 1.0 1.0 
[ECU,T5CERAMICSIPPU,CERAMICS,*,*]:
2010 2011 2012 2013 2014 2015 2016 2017 2018 2019 2020 2021 2022 2023 2024 2025 2026 2027 2028 2029 2030 2031 2032 2033 2034 2035 :=
1 1.0 1.0 1.0 1.0 1.0 1.0 1.0 1.0 1.0 1.0 1.0 1.0 1.0 1.0 1.0 1.0 1.0 1.0 1.0 1.0 1.0 1.0 1.0 1.0 1.0 1.0 
[ECU,T5HFC152aIPPU,HFC152a,*,*]:
2010 2011 2012 2013 2014 2015 2016 2017 2018 2019 2020 2021 2022 2023 2024 2025 2026 2027 2028 2029 2030 2031 2032 2033 2034 2035 :=
1 1.0 1.0 1.0 1.0 1.0 1.0 1.0 1.0 1.0 1.0 1.0 1.0 1.0 1.0 1.0 1.0 1.0 1.0 1.0 1.0 1.0 1.0 1.0 1.0 1.0 1.0 
[ECU,T5LUBRIIPPU,LUBRI,*,*]:
2010 2011 2012 2013 2014 2015 2016 2017 2018 2019 2020 2021 2022 2023 2024 2025 2026 2027 2028 2029 2030 2031 2032 2033 2034 2035 :=
1 1.0 1.0 1.0 1.0 1.0 1.0 1.0 1.0 1.0 1.0 1.0 1.0 1.0 1.0 1.0 1.0 1.0 1.0 1.0 1.0 1.0 1.0 1.0 1.0 1.0 1.0 
;

param OperationalLife default 1 :
RAW_MAT_CLK RAW_MAT_CEM IMP_STOR IMP_REFR_AC IMP_HFC23 IMP_HFC32 IMP_HFC125 IMP_HFC134a IMP_HFC143a IMP_HFC152a IMP_HFC227ea OTHER_IPPU LIME_PROD GLASS_PROD CERAMICS SODA_ASH IRON_STEEL LEAD_PROD LUBRI PARAFFIN PROD_CLK_TRAD PROD_CEM T5CEM_PRODIND T5REFR_ACIPPU T5HFC23IPPU T5HFC32IPPU T5HFC125IPPU T5HFC134aIPPU T5HFC143aIPPU T5HFC152aIPPU T5HFC227eaIPPU T5OTHER_IPPUIPPU T5LIME_PRODIPPU T5GLASS_PRODIPPU T5CERAMICSIPPU T5SODA_ASHIPPU T5IRON_STEELIPPU T5LEAD_PRODIPPU T5LUBRIIPPU T5PARAFFINIPPU :=
ECU 1 1 1 1 1 1 1 1 1 1 1 1 1 1 1 1 1 1 1 1 1 1 1 1 1 1 1 1 1 1 1 1 1 1 1 1 1 1 1 1 
;

param OutputActivityRatio default 0 :=
[ECU,T5PARAFFINIPPU,E5IPPUPARAFFIN,*,*]:
2010 2011 2012 2013 2014 2015 2016 2017 2018 2019 2020 2021 2022 2023 2024 2025 2026 2027 2028 2029 2030 2031 2032 2033 2034 2035 :=
1 1 1.0 1.0 1.0 1.0 1.0 1.0 1.0 1.0 1.0 1.0 1.0 1.0 1.0 1.0 1.0 1.0 1.0 1.0 1.0 1.0 1.0 1.0 1.0 1.0 1.0 
[ECU,PROD_CLK_TRAD,CLK_PROD,*,*]:
2010 2011 2012 2013 2014 2015 2016 2017 2018 2019 2020 2021 2022 2023 2024 2025 2026 2027 2028 2029 2030 2031 2032 2033 2034 2035 :=
1 1.0 1.0 1.0 1.0 1.0 1.0 1.0 1.0 1.0 1.0 1.0 1.0 1.0 1.0 1.0 1.0 1.0 1.0 1.0 1.0 1.0 1.0 1.0 1.0 1.0 1.0 
[ECU,GLASS_PROD,GLASS_PROD,*,*]:
2010 2011 2012 2013 2014 2015 2016 2017 2018 2019 2020 2021 2022 2023 2024 2025 2026 2027 2028 2029 2030 2031 2032 2033 2034 2035 :=
1 1 1.0 1.0 1.0 1.0 1.0 1.0 1.0 1.0 1.0 1.0 1.0 1.0 1.0 1.0 1.0 1.0 1.0 1.0 1.0 1.0 1.0 1.0 1.0 1.0 1.0 
[ECU,RAW_MAT_CEM,RAW_MAT_CEM,*,*]:
2010 2011 2012 2013 2014 2015 2016 2017 2018 2019 2020 2021 2022 2023 2024 2025 2026 2027 2028 2029 2030 2031 2032 2033 2034 2035 :=
1 1 1.0 1.0 1.0 1.0 1.0 1.0 1.0 1.0 1.0 1.0 1.0 1.0 1.0 1.0 1.0 1.0 1.0 1.0 1.0 1.0 1.0 1.0 1.0 1.0 1.0 
[ECU,IRON_STEEL,IRON_STEEL,*,*]:
2010 2011 2012 2013 2014 2015 2016 2017 2018 2019 2020 2021 2022 2023 2024 2025 2026 2027 2028 2029 2030 2031 2032 2033 2034 2035 :=
1 1 1.0 1.0 1.0 1.0 1.0 1.0 1.0 1.0 1.0 1.0 1.0 1.0 1.0 1.0 1.0 1.0 1.0 1.0 1.0 1.0 1.0 1.0 1.0 1.0 1.0 
[ECU,T5GLASS_PRODIPPU,E5IPPUGLASS_PROD,*,*]:
2010 2011 2012 2013 2014 2015 2016 2017 2018 2019 2020 2021 2022 2023 2024 2025 2026 2027 2028 2029 2030 2031 2032 2033 2034 2035 :=
1 1 1.0 1.0 1.0 1.0 1.0 1.0 1.0 1.0 1.0 1.0 1.0 1.0 1.0 1.0 1.0 1.0 1.0 1.0 1.0 1.0 1.0 1.0 1.0 1.0 1.0 
[ECU,IMP_STOR,CLK_PROD,*,*]:
2010 2011 2012 2013 2014 2015 2016 2017 2018 2019 2020 2021 2022 2023 2024 2025 2026 2027 2028 2029 2030 2031 2032 2033 2034 2035 :=
1 1 1.0 1.0 1.0 1.0 1.0 1.0 1.0 1.0 1.0 1.0 1.0 1.0 1.0 1.0 1.0 1.0 1.0 1.0 1.0 1.0 1.0 1.0 1.0 1.0 1.0 
[ECU,LEAD_PROD,LEAD_PROD,*,*]:
2010 2011 2012 2013 2014 2015 2016 2017 2018 2019 2020 2021 2022 2023 2024 2025 2026 2027 2028 2029 2030 2031 2032 2033 2034 2035 :=
1 1 1.0 1.0 1.0 1.0 1.0 1.0 1.0 1.0 1.0 1.0 1.0 1.0 1.0 1.0 1.0 1.0 1.0 1.0 1.0 1.0 1.0 1.0 1.0 1.0 1.0 
[ECU,CERAMICS,CERAMICS,*,*]:
2010 2011 2012 2013 2014 2015 2016 2017 2018 2019 2020 2021 2022 2023 2024 2025 2026 2027 2028 2029 2030 2031 2032 2033 2034 2035 :=
1 1 1.0 1.0 1.0 1.0 1.0 1.0 1.0 1.0 1.0 1.0 1.0 1.0 1.0 1.0 1.0 1.0 1.0 1.0 1.0 1.0 1.0 1.0 1.0 1.0 1.0 
[ECU,T5HFC152aIPPU,E5IPPUHFC152a,*,*]:
2010 2011 2012 2013 2014 2015 2016 2017 2018 2019 2020 2021 2022 2023 2024 2025 2026 2027 2028 2029 2030 2031 2032 2033 2034 2035 :=
1 1 1.0 1.0 1.0 1.0 1.0 1.0 1.0 1.0 1.0 1.0 1.0 1.0 1.0 1.0 1.0 1.0 1.0 1.0 1.0 1.0 1.0 1.0 1.0 1.0 1.0 
[ECU,IMP_HFC152a,HFC152a,*,*]:
2010 2011 2012 2013 2014 2015 2016 2017 2018 2019 2020 2021 2022 2023 2024 2025 2026 2027 2028 2029 2030 2031 2032 2033 2034 2035 :=
1 1 1.0 1.0 1.0 1.0 1.0 1.0 1.0 1.0 1.0 1.0 1.0 1.0 1.0 1.0 1.0 1.0 1.0 1.0 1.0 1.0 1.0 1.0 1.0 1.0 1.0 
[ECU,T5HFC134aIPPU,E5IPPUHFC134a,*,*]:
2010 2011 2012 2013 2014 2015 2016 2017 2018 2019 2020 2021 2022 2023 2024 2025 2026 2027 2028 2029 2030 2031 2032 2033 2034 2035 :=
1 1 1.0 1.0 1.0 1.0 1.0 1.0 1.0 1.0 1.0 1.0 1.0 1.0 1.0 1.0 1.0 1.0 1.0 1.0 1.0 1.0 1.0 1.0 1.0 1.0 1.0 
[ECU,T5LEAD_PRODIPPU,E5IPPULEAD_PROD,*,*]:
2010 2011 2012 2013 2014 2015 2016 2017 2018 2019 2020 2021 2022 2023 2024 2025 2026 2027 2028 2029 2030 2031 2032 2033 2034 2035 :=
1 1 1.0 1.0 1.0 1.0 1.0 1.0 1.0 1.0 1.0 1.0 1.0 1.0 1.0 1.0 1.0 1.0 1.0 1.0 1.0 1.0 1.0 1.0 1.0 1.0 1.0 
[ECU,IMP_HFC125,HFC125,*,*]:
2010 2011 2012 2013 2014 2015 2016 2017 2018 2019 2020 2021 2022 2023 2024 2025 2026 2027 2028 2029 2030 2031 2032 2033 2034 2035 :=
1 1 1.0 1.0 1.0 1.0 1.0 1.0 1.0 1.0 1.0 1.0 1.0 1.0 1.0 1.0 1.0 1.0 1.0 1.0 1.0 1.0 1.0 1.0 1.0 1.0 1.0 
[ECU,T5OTHER_IPPUIPPU,E5IPPUOTHER_IPPU,*,*]:
2010 2011 2012 2013 2014 2015 2016 2017 2018 2019 2020 2021 2022 2023 2024 2025 2026 2027 2028 2029 2030 2031 2032 2033 2034 2035 :=
1 1 1.0 1.0 1.0 1.0 1.0 1.0 1.0 1.0 1.0 1.0 1.0 1.0 1.0 1.0 1.0 1.0 1.0 1.0 1.0 1.0 1.0 1.0 1.0 1.0 1.0 
[ECU,T5LIME_PRODIPPU,E5IPPULIME_PROD,*,*]:
2010 2011 2012 2013 2014 2015 2016 2017 2018 2019 2020 2021 2022 2023 2024 2025 2026 2027 2028 2029 2030 2031 2032 2033 2034 2035 :=
1 1 1.0 1.0 1.0 1.0 1.0 1.0 1.0 1.0 1.0 1.0 1.0 1.0 1.0 1.0 1.0 1.0 1.0 1.0 1.0 1.0 1.0 1.0 1.0 1.0 1.0 
[ECU,LUBRI,LUBRI,*,*]:
2010 2011 2012 2013 2014 2015 2016 2017 2018 2019 2020 2021 2022 2023 2024 2025 2026 2027 2028 2029 2030 2031 2032 2033 2034 2035 :=
1 1 1.0 1.0 1.0 1.0 1.0 1.0 1.0 1.0 1.0 1.0 1.0 1.0 1.0 1.0 1.0 1.0 1.0 1.0 1.0 1.0 1.0 1.0 1.0 1.0 1.0 
[ECU,T5CEM_PRODIND,E5INDCEM_PROD,*,*]:
2010 2011 2012 2013 2014 2015 2016 2017 2018 2019 2020 2021 2022 2023 2024 2025 2026 2027 2028 2029 2030 2031 2032 2033 2034 2035 :=
1 1 1.0 1.0 1.0 1.0 1.0 1.0 1.0 1.0 1.0 1.0 1.0 1.0 1.0 1.0 1.0 1.0 1.0 1.0 1.0 1.0 1.0 1.0 1.0 1.0 1.0 
[ECU,T5HFC125IPPU,E5IPPUHFC125,*,*]:
2010 2011 2012 2013 2014 2015 2016 2017 2018 2019 2020 2021 2022 2023 2024 2025 2026 2027 2028 2029 2030 2031 2032 2033 2034 2035 :=
1 1 1.0 1.0 1.0 1.0 1.0 1.0 1.0 1.0 1.0 1.0 1.0 1.0 1.0 1.0 1.0 1.0 1.0 1.0 1.0 1.0 1.0 1.0 1.0 1.0 1.0 
[ECU,T5IRON_STEELIPPU,E5IPPUIRON_STEEL,*,*]:
2010 2011 2012 2013 2014 2015 2016 2017 2018 2019 2020 2021 2022 2023 2024 2025 2026 2027 2028 2029 2030 2031 2032 2033 2034 2035 :=
1 1 1.0 1.0 1.0 1.0 1.0 1.0 1.0 1.0 1.0 1.0 1.0 1.0 1.0 1.0 1.0 1.0 1.0 1.0 1.0 1.0 1.0 1.0 1.0 1.0 1.0 
[ECU,LIME_PROD,LIME_PROD,*,*]:
2010 2011 2012 2013 2014 2015 2016 2017 2018 2019 2020 2021 2022 2023 2024 2025 2026 2027 2028 2029 2030 2031 2032 2033 2034 2035 :=
1 1 1.0 1.0 1.0 1.0 1.0 1.0 1.0 1.0 1.0 1.0 1.0 1.0 1.0 1.0 1.0 1.0 1.0 1.0 1.0 1.0 1.0 1.0 1.0 1.0 1.0 
[ECU,SODA_ASH,SODA_ASH,*,*]:
2010 2011 2012 2013 2014 2015 2016 2017 2018 2019 2020 2021 2022 2023 2024 2025 2026 2027 2028 2029 2030 2031 2032 2033 2034 2035 :=
1 1 1.0 1.0 1.0 1.0 1.0 1.0 1.0 1.0 1.0 1.0 1.0 1.0 1.0 1.0 1.0 1.0 1.0 1.0 1.0 1.0 1.0 1.0 1.0 1.0 1.0 
[ECU,IMP_HFC134a,HFC134a,*,*]:
2010 2011 2012 2013 2014 2015 2016 2017 2018 2019 2020 2021 2022 2023 2024 2025 2026 2027 2028 2029 2030 2031 2032 2033 2034 2035 :=
1 1 1.0 1.0 1.0 1.0 1.0 1.0 1.0 1.0 1.0 1.0 1.0 1.0 1.0 1.0 1.0 1.0 1.0 1.0 1.0 1.0 1.0 1.0 1.0 1.0 1.0 
[ECU,IMP_HFC227ea,HFC227ea,*,*]:
2010 2011 2012 2013 2014 2015 2016 2017 2018 2019 2020 2021 2022 2023 2024 2025 2026 2027 2028 2029 2030 2031 2032 2033 2034 2035 :=
1 1 1.0 1.0 1.0 1.0 1.0 1.0 1.0 1.0 1.0 1.0 1.0 1.0 1.0 1.0 1.0 1.0 1.0 1.0 1.0 1.0 1.0 1.0 1.0 1.0 1.0 
[ECU,IMP_HFC32,HFC32,*,*]:
2010 2011 2012 2013 2014 2015 2016 2017 2018 2019 2020 2021 2022 2023 2024 2025 2026 2027 2028 2029 2030 2031 2032 2033 2034 2035 :=
1 1 1.0 1.0 1.0 1.0 1.0 1.0 1.0 1.0 1.0 1.0 1.0 1.0 1.0 1.0 1.0 1.0 1.0 1.0 1.0 1.0 1.0 1.0 1.0 1.0 1.0 
[ECU,T5HFC32IPPU,E5IPPUHFC32,*,*]:
2010 2011 2012 2013 2014 2015 2016 2017 2018 2019 2020 2021 2022 2023 2024 2025 2026 2027 2028 2029 2030 2031 2032 2033 2034 2035 :=
1 1 1.0 1.0 1.0 1.0 1.0 1.0 1.0 1.0 1.0 1.0 1.0 1.0 1.0 1.0 1.0 1.0 1.0 1.0 1.0 1.0 1.0 1.0 1.0 1.0 1.0 
[ECU,T5SODA_ASHIPPU,E5IPPUSODA_ASH,*,*]:
2010 2011 2012 2013 2014 2015 2016 2017 2018 2019 2020 2021 2022 2023 2024 2025 2026 2027 2028 2029 2030 2031 2032 2033 2034 2035 :=
1 1 1.0 1.0 1.0 1.0 1.0 1.0 1.0 1.0 1.0 1.0 1.0 1.0 1.0 1.0 1.0 1.0 1.0 1.0 1.0 1.0 1.0 1.0 1.0 1.0 1.0 
[ECU,T5HFC143aIPPU,E5IPPUHFC143a,*,*]:
2010 2011 2012 2013 2014 2015 2016 2017 2018 2019 2020 2021 2022 2023 2024 2025 2026 2027 2028 2029 2030 2031 2032 2033 2034 2035 :=
1 1 1.0 1.0 1.0 1.0 1.0 1.0 1.0 1.0 1.0 1.0 1.0 1.0 1.0 1.0 1.0 1.0 1.0 1.0 1.0 1.0 1.0 1.0 1.0 1.0 1.0 
[ECU,T5HFC23IPPU,E5IPPUHFC23,*,*]:
2010 2011 2012 2013 2014 2015 2016 2017 2018 2019 2020 2021 2022 2023 2024 2025 2026 2027 2028 2029 2030 2031 2032 2033 2034 2035 :=
1 1 1.0 1.0 1.0 1.0 1.0 1.0 1.0 1.0 1.0 1.0 1.0 1.0 1.0 1.0 1.0 1.0 1.0 1.0 1.0 1.0 1.0 1.0 1.0 1.0 1.0 
[ECU,IMP_HFC143a,HFC143a,*,*]:
2010 2011 2012 2013 2014 2015 2016 2017 2018 2019 2020 2021 2022 2023 2024 2025 2026 2027 2028 2029 2030 2031 2032 2033 2034 2035 :=
1 1 1.0 1.0 1.0 1.0 1.0 1.0 1.0 1.0 1.0 1.0 1.0 1.0 1.0 1.0 1.0 1.0 1.0 1.0 1.0 1.0 1.0 1.0 1.0 1.0 1.0 
[ECU,OTHER_IPPU,OTHER_IPPU,*,*]:
2010 2011 2012 2013 2014 2015 2016 2017 2018 2019 2020 2021 2022 2023 2024 2025 2026 2027 2028 2029 2030 2031 2032 2033 2034 2035 :=
1 1 1.0 1.0 1.0 1.0 1.0 1.0 1.0 1.0 1.0 1.0 1.0 1.0 1.0 1.0 1.0 1.0 1.0 1.0 1.0 1.0 1.0 1.0 1.0 1.0 1.0 
[ECU,PROD_CEM,CEM_PROD,*,*]:
2010 2011 2012 2013 2014 2015 2016 2017 2018 2019 2020 2021 2022 2023 2024 2025 2026 2027 2028 2029 2030 2031 2032 2033 2034 2035 :=
1 1.0 1.0 1.0 1.0 1.0 1.0 1.0 1.0 1.0 1.0 1.0 1.0 1.0 1.0 1.0 1.0 1.0 1.0 1.0 1.0 1.0 1.0 1.0 1.0 1.0 1.0 
[ECU,PARAFFIN,PARAFFIN,*,*]:
2010 2011 2012 2013 2014 2015 2016 2017 2018 2019 2020 2021 2022 2023 2024 2025 2026 2027 2028 2029 2030 2031 2032 2033 2034 2035 :=
1 1 1.0 1.0 1.0 1.0 1.0 1.0 1.0 1.0 1.0 1.0 1.0 1.0 1.0 1.0 1.0 1.0 1.0 1.0 1.0 1.0 1.0 1.0 1.0 1.0 1.0 
[ECU,IMP_REFR_AC,REFR_AC,*,*]:
2010 2011 2012 2013 2014 2015 2016 2017 2018 2019 2020 2021 2022 2023 2024 2025 2026 2027 2028 2029 2030 2031 2032 2033 2034 2035 :=
1 1 1.0 1.0 1.0 1.0 1.0 1.0 1.0 1.0 1.0 1.0 1.0 1.0 1.0 1.0 1.0 1.0 1.0 1.0 1.0 1.0 1.0 1.0 1.0 1.0 1.0 
[ECU,IMP_HFC23,HFC23,*,*]:
2010 2011 2012 2013 2014 2015 2016 2017 2018 2019 2020 2021 2022 2023 2024 2025 2026 2027 2028 2029 2030 2031 2032 2033 2034 2035 :=
1 1 1.0 1.0 1.0 1.0 1.0 1.0 1.0 1.0 1.0 1.0 1.0 1.0 1.0 1.0 1.0 1.0 1.0 1.0 1.0 1.0 1.0 1.0 1.0 1.0 1.0 
[ECU,T5CERAMICSIPPU,E5IPPUCERAMICS,*,*]:
2010 2011 2012 2013 2014 2015 2016 2017 2018 2019 2020 2021 2022 2023 2024 2025 2026 2027 2028 2029 2030 2031 2032 2033 2034 2035 :=
1 1 1.0 1.0 1.0 1.0 1.0 1.0 1.0 1.0 1.0 1.0 1.0 1.0 1.0 1.0 1.0 1.0 1.0 1.0 1.0 1.0 1.0 1.0 1.0 1.0 1.0 
[ECU,RAW_MAT_CLK,RAW_MAT_CLK,*,*]:
2010 2011 2012 2013 2014 2015 2016 2017 2018 2019 2020 2021 2022 2023 2024 2025 2026 2027 2028 2029 2030 2031 2032 2033 2034 2035 :=
1 1 1.0 1.0 1.0 1.0 1.0 1.0 1.0 1.0 1.0 1.0 1.0 1.0 1.0 1.0 1.0 1.0 1.0 1.0 1.0 1.0 1.0 1.0 1.0 1.0 1.0 
[ECU,T5REFR_ACIPPU,E5IPPUREFR_AC,*,*]:
2010 2011 2012 2013 2014 2015 2016 2017 2018 2019 2020 2021 2022 2023 2024 2025 2026 2027 2028 2029 2030 2031 2032 2033 2034 2035 :=
1 1 1.0 1.0 1.0 1.0 1.0 1.0 1.0 1.0 1.0 1.0 1.0 1.0 1.0 1.0 1.0 1.0 1.0 1.0 1.0 1.0 1.0 1.0 1.0 1.0 1.0 
[ECU,T5HFC227eaIPPU,E5IPPUHFC227ea,*,*]:
2010 2011 2012 2013 2014 2015 2016 2017 2018 2019 2020 2021 2022 2023 2024 2025 2026 2027 2028 2029 2030 2031 2032 2033 2034 2035 :=
1 1 1.0 1.0 1.0 1.0 1.0 1.0 1.0 1.0 1.0 1.0 1.0 1.0 1.0 1.0 1.0 1.0 1.0 1.0 1.0 1.0 1.0 1.0 1.0 1.0 1.0 
[ECU,T5LUBRIIPPU,E5IPPULUBRI,*,*]:
2010 2011 2012 2013 2014 2015 2016 2017 2018 2019 2020 2021 2022 2023 2024 2025 2026 2027 2028 2029 2030 2031 2032 2033 2034 2035 :=
1 1 1.0 1.0 1.0 1.0 1.0 1.0 1.0 1.0 1.0 1.0 1.0 1.0 1.0 1.0 1.0 1.0 1.0 1.0 1.0 1.0 1.0 1.0 1.0 1.0 1.0 
;

param SpecifiedAnnualDemand default 0 :=
[ECU,*,*]:
2010 2011 2012 2013 2014 2015 2016 2017 2018 2019 2020 2021 2022 2023 2024 2025 2026 2027 2028 2029 2030 2031 2032 2033 2034 2035 :=
E5INDCEM_PROD 5.2749 5.6682 6.0615 6.3078 6.5541 5.7819 5.0097 5.0328 5.0559 4.2404 3.4119 5.0137 4.6246 4.8611 5.0975 5.334 5.5704 5.8068 6.0433 6.2798 6.5162 6.7527 6.9892 7.2256 7.4621 7.6985 
E5IPPUREFR_AC 0.2149 0.252 0.2891 0.3318 0.3745 0.4237 0.4729 0.496 0.5191 0.8611 1.203 1.3251 1.9576 2.384 2.8103 3.2367 3.6631 4.0895 4.5159 4.9422 5.3686 5.38 5.3913 5.4026 5.414 5.4253 
E5IPPUHFC23 0.0 0.0 0.0 0.0 0.0 0.0 0.0 0.0 0.0 0.0 0.0 0.0 0.0 0.0 0.0 0.0 0.0 0.0 0.0 0.0 0.0 0.0 0.0 0.0 0.0 0.0 
E5IPPUHFC32 0.0 0.0 0.0 0.0 0.0 0.0 0.0 0.0 0.0 0.0 0.0 0.0 0.0 0.0 0.0 0.0 0.0 0.0 0.0 0.0 0.0 0.0 0.0 0.0 0.0 0.0 
E5IPPUHFC125 0.0 0.0 0.0 0.0 0.0 0.0 0.0 0.0 0.0 0.0 0.0 0.0 0.0 0.0 0.0 0.0 0.0 0.0 0.0 0.0 0.0 0.0 0.0 0.0 0.0 0.0 
E5IPPUHFC134a 0.0 0.0 0.0 0.0 0.0 0.0 0.0 0.0 0.0 0.0 0.0 0.0 0.0 0.0 0.0 0.0 0.0 0.0 0.0 0.0 0.0 0.0 0.0 0.0 0.0 0.0 
E5IPPUHFC143a 0.0 0.0 0.0 0.0 0.0 0.0 0.0 0.0 0.0 0.0 0.0 0.0 0.0 0.0 0.0 0.0 0.0 0.0 0.0 0.0 0.0 0.0 0.0 0.0 0.0 0.0 
E5IPPUHFC152a 0.0 0.0 0.0 0.0 0.0 0.0 0.0 0.0 0.0 0.0 0.0 0.0 0.0 0.0 0.0 0.0 0.0 0.0 0.0 0.0 0.0 0.0 0.0 0.0 0.0 0.0 
E5IPPUHFC227ea 0.0 0.0 0.0 0.0 0.0 0.0 0.0 0.0 0.0 0.0 0.0 0.0 0.0 0.0 0.0 0.0 0.0 0.0 0.0 0.0 0.0 0.0 0.0 0.0 0.0 0.0 
E5IPPUOTHER_IPPU 0.0 0.0 0.0 0.0 0.0 0.0 0.0 0.0 0.0 0.0 0.0 0.0 0.0 0.0 0.0 0.0 0.0 0.0 0.0 0.0 0.0 0.0 0.0 0.0 0.0 0.0 
E5IPPULIME_PROD 0.0665 0.0692 0.0719 0.0742 0.0766 0.0852 0.0938 0.1005 0.1071 0.1144 0.1216 0.2199 0.1791 0.1829 0.1868 0.1908 0.1949 0.1991 0.2034 0.2077 0.2121 0.2167 0.2213 0.226 0.2309 0.2358 
E5IPPUGLASS_PROD 0.0075 0.0092 0.0109 0.0126 0.0143 0.0125 0.0107 0.0124 0.0141 0.0094 0.0047 0.0089 0.0081 0.0083 0.0084 0.0086 0.0088 0.009 0.0092 0.0094 0.0096 0.0098 0.01 0.0102 0.0104 0.0107 
E5IPPUCERAMICS 0.3181 0.4096 0.5012 0.4401 0.3789 0.383 0.3872 0.296 0.2049 0.1522 0.0995 0.0446 0.2117 0.2162 0.2208 0.2256 0.2304 0.2353 0.2404 0.2455 0.2507 0.2561 0.2616 0.2672 0.2729 0.2787 
E5IPPUSODA_ASH 0.0 0.0009 0.0018 0.0018 0.0018 0.0009 0.0 0.0015 0.0031 0.0058 0.0085 0.0012 0.0017 0.0017 0.0018 0.0018 0.0019 0.0019 0.0019 0.002 0.002 0.0021 0.0021 0.0021 0.0022 0.0022 
E5IPPUIRON_STEEL 0.0298 0.0317 0.0336 0.0357 0.0378 0.0404 0.0429 0.0496 0.0564 0.0459 0.0354 0.0779 0.0801 0.0818 0.0836 0.0853 0.0872 0.089 0.0909 0.0929 0.0949 0.0969 0.099 0.1011 0.1032 0.1055 
E5IPPULEAD_PROD 0.0013 0.0016 0.0019 0.0023 0.0027 0.0029 0.003 0.0035 0.004 0.007 0.01 0.0087 0.0066 0.0067 0.0069 0.007 0.0072 0.0073 0.0075 0.0077 0.0078 0.008 0.0082 0.0083 0.0085 0.0087 
E5IPPULUBRI 0.0 0.0001 0.0002 0.0028 0.0054 0.0056 0.0057 0.0053 0.0049 0.0043 0.0037 0.0036 0.003 0.0031 0.0031 0.0032 0.0033 0.0033 0.0034 0.0035 0.0036 0.0036 0.0037 0.0038 0.0039 0.0039 
E5IPPUPARAFFIN 0.0003 0.0002 0.0 0.0003 0.0005 0.0004 0.0004 0.0007 0.0009 0.0006 0.0003 0.0006 0.0001 0.0001 0.0001 0.0001 0.0001 0.0001 0.0001 0.0001 0.0001 0.0001 0.0001 0.0001 0.0001 0.0001 
;

param SpecifiedDemandProfile default 0 :=
[ECU,E5IPPULEAD_PROD,*,*]:
2010 2011 2012 2013 2014 2015 2016 2017 2018 2019 2020 2021 2022 2023 2024 2025 2026 2027 2028 2029 2030 2031 2032 2033 2034 2035 :=
All 1 1 1 1 1 1 1 1 1 1 1 1 1 1 1 1 1 1 1 1 1 1 1 1 1 1 
[ECU,E5IPPUREFR_AC,*,*]:
2010 2011 2012 2013 2014 2015 2016 2017 2018 2019 2020 2021 2022 2023 2024 2025 2026 2027 2028 2029 2030 2031 2032 2033 2034 2035 :=
All 1 1 1 1 1 1 1 1 1 1 1 1 1 1 1 1 1 1 1 1 1 1 1 1 1 1 
[ECU,E5IPPUPARAFFIN,*,*]:
2010 2011 2012 2013 2014 2015 2016 2017 2018 2019 2020 2021 2022 2023 2024 2025 2026 2027 2028 2029 2030 2031 2032 2033 2034 2035 :=
All 1 1 1 1 1 1 1 1 1 1 1 1 1 1 1 1 1 1 1 1 1 1 1 1 1 1 
[ECU,E5IPPUSODA_ASH,*,*]:
2010 2011 2012 2013 2014 2015 2016 2017 2018 2019 2020 2021 2022 2023 2024 2025 2026 2027 2028 2029 2030 2031 2032 2033 2034 2035 :=
All 1 1 1 1 1 1 1 1 1 1 1 1 1 1 1 1 1 1 1 1 1 1 1 1 1 1 
[ECU,E5IPPUHFC32,*,*]:
2010 2011 2012 2013 2014 2015 2016 2017 2018 2019 2020 2021 2022 2023 2024 2025 2026 2027 2028 2029 2030 2031 2032 2033 2034 2035 :=
All 1 1 1 1 1 1 1 1 1 1 1 1 1 1 1 1 1 1 1 1 1 1 1 1 1 1 
[ECU,E5IPPUHFC134a,*,*]:
2010 2011 2012 2013 2014 2015 2016 2017 2018 2019 2020 2021 2022 2023 2024 2025 2026 2027 2028 2029 2030 2031 2032 2033 2034 2035 :=
All 1 1 1 1 1 1 1 1 1 1 1 1 1 1 1 1 1 1 1 1 1 1 1 1 1 1 
[ECU,E5IPPUHFC152a,*,*]:
2010 2011 2012 2013 2014 2015 2016 2017 2018 2019 2020 2021 2022 2023 2024 2025 2026 2027 2028 2029 2030 2031 2032 2033 2034 2035 :=
All 1 1 1 1 1 1 1 1 1 1 1 1 1 1 1 1 1 1 1 1 1 1 1 1 1 1 
[ECU,E5IPPUOTHER_IPPU,*,*]:
2010 2011 2012 2013 2014 2015 2016 2017 2018 2019 2020 2021 2022 2023 2024 2025 2026 2027 2028 2029 2030 2031 2032 2033 2034 2035 :=
All 1 1 1 1 1 1 1 1 1 1 1 1 1 1 1 1 1 1 1 1 1 1 1 1 1 1 
[ECU,E5IPPULIME_PROD,*,*]:
2010 2011 2012 2013 2014 2015 2016 2017 2018 2019 2020 2021 2022 2023 2024 2025 2026 2027 2028 2029 2030 2031 2032 2033 2034 2035 :=
All 1 1 1 1 1 1 1 1 1 1 1 1 1 1 1 1 1 1 1 1 1 1 1 1 1 1 
[ECU,E5INDCEM_PROD,*,*]:
2010 2011 2012 2013 2014 2015 2016 2017 2018 2019 2020 2021 2022 2023 2024 2025 2026 2027 2028 2029 2030 2031 2032 2033 2034 2035 :=
All 1 1 1 1 1 1 1 1 1 1 1 1 1 1 1 1 1 1 1 1 1 1 1 1 1 1 
[ECU,E5IPPUHFC23,*,*]:
2010 2011 2012 2013 2014 2015 2016 2017 2018 2019 2020 2021 2022 2023 2024 2025 2026 2027 2028 2029 2030 2031 2032 2033 2034 2035 :=
All 1 1 1 1 1 1 1 1 1 1 1 1 1 1 1 1 1 1 1 1 1 1 1 1 1 1 
[ECU,E5IPPULUBRI,*,*]:
2010 2011 2012 2013 2014 2015 2016 2017 2018 2019 2020 2021 2022 2023 2024 2025 2026 2027 2028 2029 2030 2031 2032 2033 2034 2035 :=
All 1 1 1 1 1 1 1 1 1 1 1 1 1 1 1 1 1 1 1 1 1 1 1 1 1 1 
[ECU,E5IPPUHFC143a,*,*]:
2010 2011 2012 2013 2014 2015 2016 2017 2018 2019 2020 2021 2022 2023 2024 2025 2026 2027 2028 2029 2030 2031 2032 2033 2034 2035 :=
All 1 1 1 1 1 1 1 1 1 1 1 1 1 1 1 1 1 1 1 1 1 1 1 1 1 1 
[ECU,E5IPPUGLASS_PROD,*,*]:
2010 2011 2012 2013 2014 2015 2016 2017 2018 2019 2020 2021 2022 2023 2024 2025 2026 2027 2028 2029 2030 2031 2032 2033 2034 2035 :=
All 1 1 1 1 1 1 1 1 1 1 1 1 1 1 1 1 1 1 1 1 1 1 1 1 1 1 
[ECU,E5IPPUHFC227ea,*,*]:
2010 2011 2012 2013 2014 2015 2016 2017 2018 2019 2020 2021 2022 2023 2024 2025 2026 2027 2028 2029 2030 2031 2032 2033 2034 2035 :=
All 1 1 1 1 1 1 1 1 1 1 1 1 1 1 1 1 1 1 1 1 1 1 1 1 1 1 
[ECU,E5IPPUCERAMICS,*,*]:
2010 2011 2012 2013 2014 2015 2016 2017 2018 2019 2020 2021 2022 2023 2024 2025 2026 2027 2028 2029 2030 2031 2032 2033 2034 2035 :=
All 1 1 1 1 1 1 1 1 1 1 1 1 1 1 1 1 1 1 1 1 1 1 1 1 1 1 
[ECU,E5IPPUHFC125,*,*]:
2010 2011 2012 2013 2014 2015 2016 2017 2018 2019 2020 2021 2022 2023 2024 2025 2026 2027 2028 2029 2030 2031 2032 2033 2034 2035 :=
All 1 1 1 1 1 1 1 1 1 1 1 1 1 1 1 1 1 1 1 1 1 1 1 1 1 1 
[ECU,E5IPPUIRON_STEEL,*,*]:
2010 2011 2012 2013 2014 2015 2016 2017 2018 2019 2020 2021 2022 2023 2024 2025 2026 2027 2028 2029 2030 2031 2032 2033 2034 2035 :=
All 1 1 1 1 1 1 1 1 1 1 1 1 1 1 1 1 1 1 1 1 1 1 1 1 1 1 
;

param TotalTechnologyAnnualActivityLowerLimit default 0 :=
[ECU,*,*]:
2010 2011 2012 2013 2014 2015 2016 2017 2018 2019 2020 2021 2022 2023 2024 2025 2026 2027 2028 2029 2030 2031 2032 2033 2034 2035 :=
IMP_REFR_AC 0.2149 0.252 0.2891 0.3318 0.3745 0.4237 0.4729 0.496 0.5191 0.8611 1.203 1.3251 1.9576 2.384 2.8103 3.2367 3.6631 4.0895 4.5159 4.9422 5.3686 5.38 5.3913 5.4026 5.414 5.4253 
IMP_HFC23 0.0 0.0 0.0 0.0 0.0 0.0 0.0 0.0 0.0 0.0 0.0 0.0 0.0 0.0 0.0 0.0 0.0 0.0 0.0 0.0 0.0 0.0 0.0 0.0 0.0 0.0 
IMP_HFC32 0.0 0.0 0.0 0.0 0.0 0.0 0.0 0.0 0.0 0.0 0.0 0.0 0.0 0.0 0.0 0.0 0.0 0.0 0.0 0.0 0.0 0.0 0.0 0.0 0.0 0.0 
IMP_HFC125 0.0 0.0 0.0 0.0 0.0 0.0 0.0 0.0 0.0 0.0 0.0 0.0 0.0 0.0 0.0 0.0 0.0 0.0 0.0 0.0 0.0 0.0 0.0 0.0 0.0 0.0 
IMP_HFC134a 0.0 0.0 0.0 0.0 0.0 0.0 0.0 0.0 0.0 0.0 0.0 0.0 0.0 0.0 0.0 0.0 0.0 0.0 0.0 0.0 0.0 0.0 0.0 0.0 0.0 0.0 
IMP_HFC143a 0.0 0.0 0.0 0.0 0.0 0.0 0.0 0.0 0.0 0.0 0.0 0.0 0.0 0.0 0.0 0.0 0.0 0.0 0.0 0.0 0.0 0.0 0.0 0.0 0.0 0.0 
IMP_HFC152a 0.0 0.0 0.0 0.0 0.0 0.0 0.0 0.0 0.0 0.0 0.0 0.0 0.0 0.0 0.0 0.0 0.0 0.0 0.0 0.0 0.0 0.0 0.0 0.0 0.0 0.0 
IMP_HFC227ea 0.0 0.0 0.0 0.0 0.0 0.0 0.0 0.0 0.0 0.0 0.0 0.0 0.0 0.0 0.0 0.0 0.0 0.0 0.0 0.0 0.0 0.0 0.0 0.0 0.0 0.0 
OTHER_IPPU 0.0 0.0 0.0 0.0 0.0 0.0 0.0 0.0 0.0 0.0 0.0 0.0 0.0 0.0 0.0 0.0 0.0 0.0 0.0 0.0 0.0 0.0 0.0 0.0 0.0 0.0 
LIME_PROD 0.0665 0.0692 0.0719 0.0742 0.0766 0.0852 0.0938 0.1005 0.1071 0.1144 0.1216 0.2199 0.1791 0.1829 0.1868 0.1908 0.1949 0.1991 0.2034 0.2077 0.2121 0.2167 0.2213 0.226 0.2309 0.2358 
GLASS_PROD 0.0075 0.0092 0.0109 0.0126 0.0143 0.0125 0.0107 0.0124 0.0141 0.0094 0.0047 0.0089 0.0081 0.0083 0.0084 0.0086 0.0088 0.009 0.0092 0.0094 0.0096 0.0098 0.01 0.0102 0.0104 0.0107 
CERAMICS 0.3181 0.4096 0.5012 0.4401 0.3789 0.383 0.3872 0.296 0.2049 0.1522 0.0995 0.0446 0.2117 0.2162 0.2208 0.2256 0.2304 0.2353 0.2404 0.2455 0.2507 0.2561 0.2616 0.2672 0.2729 0.2787 
SODA_ASH 0.0 0.0009 0.0018 0.0018 0.0018 0.0009 0.0 0.0015 0.0031 0.0058 0.0085 0.0012 0.0017 0.0017 0.0018 0.0018 0.0019 0.0019 0.0019 0.002 0.002 0.0021 0.0021 0.0021 0.0022 0.0022 
IRON_STEEL 0.0298 0.0317 0.0336 0.0357 0.0378 0.0404 0.0429 0.0496 0.0564 0.0459 0.0354 0.0779 0.0801 0.0818 0.0836 0.0853 0.0872 0.089 0.0909 0.0929 0.0949 0.0969 0.099 0.1011 0.1032 0.1055 
LEAD_PROD 0.0013 0.0016 0.0019 0.0023 0.0027 0.0029 0.003 0.0035 0.004 0.007 0.01 0.0087 0.0066 0.0067 0.0069 0.007 0.0072 0.0073 0.0075 0.0077 0.0078 0.008 0.0082 0.0083 0.0085 0.0087 
LUBRI 0.0 0.0001 0.0002 0.0028 0.0054 0.0056 0.0057 0.0053 0.0049 0.0043 0.0037 0.0036 0.003 0.0031 0.0031 0.0032 0.0033 0.0033 0.0034 0.0035 0.0036 0.0036 0.0037 0.0038 0.0039 0.0039 
PARAFFIN 0.0003 0.0002 0.0 0.0003 0.0005 0.0004 0.0004 0.0007 0.0009 0.0006 0.0003 0.0006 0.0001 0.0001 0.0001 0.0001 0.0001 0.0001 0.0001 0.0001 0.0001 0.0001 0.0001 0.0001 0.0001 0.0001 
PROD_CLK_TRAD 0.0 0.0 0.0 0.0 0.0 0.0 0.0 0.0 0.0 0.0 0.0 0.0 0.0 0.0 0.0 0.0 0.0 0.0 0.0 0.0 0.0 0.0 0.0 0.0 0.0 0.0 
;

param TotalTechnologyAnnualActivityUpperLimit default 99999 :=
[ECU,*,*]:
2010 2011 2012 2013 2014 2015 2016 2017 2018 2019 2020 2021 2022 2023 2024 2025 2026 2027 2028 2029 2030 2031 2032 2033 2034 2035 :=
IMP_STOR 0.0 0.0 0.0 0.0 0.0 0.0 0.0 0.0 0.0 0.0 0.0 0.0 0.0 0.0 0.0 0.0 0.0 0.0 0.0 0.0 0.0 0.0 0.0 0.0 0.0 0.0 
IMP_REFR_AC 0.2149 0.252 0.2891 0.3318 0.3745 0.4237 0.4729 0.496 0.5191 0.8611 1.203 1.3251 1.9576 2.384 2.8103 3.2367 3.6631 4.0895 4.5159 4.9422 5.3686 5.38 5.3913 5.4026 5.414 5.4253 
IMP_HFC23 0.0 0.0 0.0 0.0 0.0 0.0 0.0 0.0 0.0 0.0 0.0 0.0 0.0 0.0 0.0 0.0 0.0 0.0 0.0 0.0 0.0 0.0 0.0 0.0 0.0 0.0 
IMP_HFC32 0.0 0.0 0.0 0.0 0.0 0.0 0.0 0.0 0.0 0.0 0.0 0.0 0.0 0.0 0.0 0.0 0.0 0.0 0.0 0.0 0.0 0.0 0.0 0.0 0.0 0.0 
IMP_HFC125 0.0 0.0 0.0 0.0 0.0 0.0 0.0 0.0 0.0 0.0 0.0 0.0 0.0 0.0 0.0 0.0 0.0 0.0 0.0 0.0 0.0 0.0 0.0 0.0 0.0 0.0 
IMP_HFC134a 0.0 0.0 0.0 0.0 0.0 0.0 0.0 0.0 0.0 0.0 0.0 0.0 0.0 0.0 0.0 0.0 0.0 0.0 0.0 0.0 0.0 0.0 0.0 0.0 0.0 0.0 
IMP_HFC143a 0.0 0.0 0.0 0.0 0.0 0.0 0.0 0.0 0.0 0.0 0.0 0.0 0.0 0.0 0.0 0.0 0.0 0.0 0.0 0.0 0.0 0.0 0.0 0.0 0.0 0.0 
IMP_HFC152a 0.0 0.0 0.0 0.0 0.0 0.0 0.0 0.0 0.0 0.0 0.0 0.0 0.0 0.0 0.0 0.0 0.0 0.0 0.0 0.0 0.0 0.0 0.0 0.0 0.0 0.0 
IMP_HFC227ea 0.0 0.0 0.0 0.0 0.0 0.0 0.0 0.0 0.0 0.0 0.0 0.0 0.0 0.0 0.0 0.0 0.0 0.0 0.0 0.0 0.0 0.0 0.0 0.0 0.0 0.0 
OTHER_IPPU 0.0 0.0 0.0 0.0 0.0 0.0 0.0 0.0 0.0 0.0 0.0 0.0 0.0 0.0 0.0 0.0 0.0 0.0 0.0 0.0 0.0 0.0 0.0 0.0 0.0 0.0 
LIME_PROD 0.0665 0.0692 0.0719 0.0742 0.0766 0.0852 0.0938 0.1005 0.1071 0.1144 0.1216 0.2199 0.1791 0.1829 0.1868 0.1908 0.1949 0.1991 0.2034 0.2077 0.2121 0.2167 0.2213 0.226 0.2309 0.2358 
GLASS_PROD 0.0075 0.0092 0.0109 0.0126 0.0143 0.0125 0.0107 0.0124 0.0141 0.0094 0.0047 0.0089 0.0081 0.0083 0.0084 0.0086 0.0088 0.009 0.0092 0.0094 0.0096 0.0098 0.01 0.0102 0.0104 0.0107 
CERAMICS 0.3181 0.4096 0.5012 0.4401 0.3789 0.383 0.3872 0.296 0.2049 0.1522 0.0995 0.0446 0.2117 0.2162 0.2208 0.2256 0.2304 0.2353 0.2404 0.2455 0.2507 0.2561 0.2616 0.2672 0.2729 0.2787 
SODA_ASH 0.0 0.0009 0.0018 0.0018 0.0018 0.0009 0.0 0.0015 0.0031 0.0058 0.0085 0.0012 0.0017 0.0017 0.0018 0.0018 0.0019 0.0019 0.0019 0.002 0.002 0.0021 0.0021 0.0021 0.0022 0.0022 
IRON_STEEL 0.0298 0.0317 0.0336 0.0357 0.0378 0.0404 0.0429 0.0496 0.0564 0.0459 0.0354 0.0779 0.0801 0.0818 0.0836 0.0853 0.0872 0.089 0.0909 0.0929 0.0949 0.0969 0.099 0.1011 0.1032 0.1055 
LEAD_PROD 0.0013 0.0016 0.0019 0.0023 0.0027 0.0029 0.003 0.0035 0.004 0.007 0.01 0.0087 0.0066 0.0067 0.0069 0.007 0.0072 0.0073 0.0075 0.0077 0.0078 0.008 0.0082 0.0083 0.0085 0.0087 
LUBRI 0.0 0.0001 0.0002 0.0028 0.0054 0.0056 0.0057 0.0053 0.0049 0.0043 0.0037 0.0036 0.003 0.0031 0.0031 0.0032 0.0033 0.0033 0.0034 0.0035 0.0036 0.0036 0.0037 0.0038 0.0039 0.0039 
PARAFFIN 0.0003 0.0002 0.0 0.0003 0.0005 0.0004 0.0004 0.0007 0.0009 0.0006 0.0003 0.0006 0.0001 0.0001 0.0001 0.0001 0.0001 0.0001 0.0001 0.0001 0.0001 0.0001 0.0001 0.0001 0.0001 0.0001 
PROD_CLK_TRAD 3.329 3.3284 3.3278 3.434 3.5399 3.4114 3.2819 3.6055 3.9285 3.3584 2.7886 4.0095 3.7645 3.975 4.1825 4.3878 4.5611 4.732 4.9006 5.066 5.2286 5.4285 5.6278 5.8275 6.0272 6.2266 
PROD_CEM 5.2749 5.6682 6.0615 6.3078 6.5541 5.7819 5.0097 5.0328 5.0559 4.2404 3.4119 5.0137 4.6246 4.8611 5.0975 5.334 5.5704 5.8068 6.0433 6.2798 6.5162 6.7527 6.9892 7.2256 7.4621 7.6985 
;

param YearSplit default 0 :
2010 2011 2012 2013 2014 2015 2016 2017 2018 2019 2020 2021 2022 2023 2024 2025 2026 2027 2028 2029 2030 2031 2032 2033 2034 2035 :=
All 1 1 1 1 1 1 1 1 1 1 1 1 1 1 1 1 1 1 1 1 1 1 1 1 1 1 
;

param AccumulatedAnnualDemand default 0 :=
;
param AnnualEmissionLimit default 99999 :=
;
param AnnualExogenousEmission default 0 :=
;
param CapacityOfOneTechnologyUnit default 0 :=
;
param CapitalCostStorage default 0 :=
;
param Conversionld default 0 :=
;
param Conversionlh default 0 :=
;
param Conversionls default 0 :=
;
param DaySplit default 0.00137 :=
;
param DaysInDayType default 7 :=
;
param DepreciationMethod default 1 :=
;
param DiscountRate default 0.05 :=
;
param EmissionsPenalty default 0 :=
;
param MinStorageCharge default 0 :=
;
param ModelPeriodEmissionLimit default 99999 :=
;
param ModelPeriodExogenousEmission default 0 :=
;
param OperationalLifeStorage default 1 :=
;
param REMinProductionTarget default 0 :=
;
param RETagFuel default 0 :=
;
param RETagTechnology default 0 :=
;
param ReserveMargin default 0 :=
;
param ReserveMarginTagFuel default 0 :=
;
param ReserveMarginTagTechnology default 0 :=
;
param ResidualStorageCapacity default 0 :=
;
param StorageLevelStart default 0 :=
;
param StorageMaxChargeRate default 0 :=
;
param StorageMaxDischargeRate default 0 :=
;
param TechnologyFromStorage default 0 :=
;
param TechnologyToStorage default 0 :=
;
param TotalAnnualMaxCapacityInvestment default 99999 :=
;
param TotalAnnualMinCapacity default 0 :=
;
param TotalTechnologyModelPeriodActivityLowerLimit default 0 :=
;
param TotalTechnologyModelPeriodActivityUpperLimit default 99999 :=
;
param TradeRoute default 0 :=
;
param ResidualCapacity default 0 :=
;
param CapitalCost default 0 :=
;
param TotalAnnualMinCapacityInvestment default 0 :=
;
param VariableCost default 0 :=
;
param FixedCost default 0 :=
;
param CapacityFactor default 1 :=
;
param AvailabilityFactor default 1 :=
;
param TotalAnnualMaxCapacity default 99999 :=
;
#
end;
